5.500793457031250000e+01 3.210366883606639021e-01
5.503845214843750000e+01 1.877500542244092685e-01
5.506896972656250000e+01 -2.082298193860196989e-01
5.509948730468750000e+01 -4.832994908355203734e-02
5.513000488281250000e+01 7.940643770353972286e-02
5.516052246093750000e+01 2.445899222615253166e-01
5.519104003906250000e+01 1.232153633414441174e-01
5.522155761718750000e+01 1.793635573126266536e-01
5.525207519531250000e+01 -1.172084298057143315e-01
5.528259277343750000e+01 1.093843978105155657e-01
5.531311035156250000e+01 -3.017071780442392992e-02
5.534362792968750000e+01 8.790550651542616833e-02
5.537414550781250000e+01 1.848366264397327541e-02
5.540466308593750000e+01 1.036352703032434874e-01
5.543518066406250000e+01 -4.464040881708228881e-01
5.546569824218750000e+01 -9.022207251859981625e-02
5.549621582031250000e+01 -2.081287544782526311e-01
5.552673339843750000e+01 -2.299642349744317471e-01
5.555725097656250000e+01 -1.508457144310568765e-01
5.558776855468750000e+01 -1.037382935550112961e-01
5.561828613281250000e+01 -3.906744557571073528e-01
5.564880371093750000e+01 2.343174660496742945e-01
5.567932128906250000e+01 5.972012538649096314e-02
5.570983886718750000e+01 1.462940079111945124e-01
5.574035644531250000e+01 9.871439430770578838e-02
5.577087402343750000e+01 -1.804918721350645683e-01
5.580139160156250000e+01 3.398647580138458579e-02
5.583190917968750000e+01 -1.243056519828087403e-01
5.586242675781250000e+01 -3.684419978303026255e-01
5.589294433593750000e+01 -3.344454617104020144e-02
5.592346191406250000e+01 8.564274600934140835e-02
5.595397949218750000e+01 3.895550730476315948e-03
5.598449707031250000e+01 6.192054596931484411e-02
5.601501464843750000e+01 -1.261465374651606908e-01
5.604553222656250000e+01 9.789741414562058708e-02
5.607604980468750000e+01 -1.361868681963755989e-01
5.610656738281250000e+01 6.897235278188418306e-03
5.613708496093750000e+01 -1.822992509823961882e-02
5.616760253906250000e+01 8.610009680370467322e-02
5.619812011718750000e+01 1.994038917380294151e-01
5.622863769531250000e+01 -4.211774377300798733e-01
5.625915527343750000e+01 -2.260833553505108284e-01
5.628967285156250000e+01 -2.876405318126558086e-01
5.632019042968750000e+01 -1.886736845915493177e-01
5.635070800781250000e+01 3.337566290845188632e-01
5.638122558593750000e+01 -2.918749167452006077e-02
5.641174316406250000e+01 2.695520484232929448e-01
5.644226074218750000e+01 -7.758091305458947318e-02
5.647277832031250000e+01 2.817085357635846776e-01
5.650329589843750000e+01 3.778903730585625453e-02
5.653381347656250000e+01 -3.986920341520772126e-02
5.656433105468750000e+01 -2.643765477078545700e-01
5.659484863281250000e+01 -3.053191868750104732e-01
5.662536621093750000e+01 1.245953499733332137e-01
5.665588378906250000e+01 -5.620643298652794329e-02
5.668640136718750000e+01 1.968921540507153622e-01
5.671691894531250000e+01 8.292674628415852567e-02
5.674743652343750000e+01 -2.317208296001922463e-01
5.677795410156250000e+01 1.346022492581937513e-01
5.680847167968750000e+01 -2.100412820919927981e-01
5.683898925781250000e+01 1.910808882178116619e-02
5.686950683593750000e+01 -8.416912935706477583e-02
5.690002441406250000e+01 7.787485724981024759e-02
5.693054199218750000e+01 6.899126056612203683e-02
5.696105957031250000e+01 -3.138838929550047396e-01
5.699157714843750000e+01 2.805982650130545153e-01
5.702209472656250000e+01 1.834008606841734945e-01
5.705261230468750000e+01 5.220821175345236043e-02
5.708312988281250000e+01 -2.522619167447146538e-01
5.711364746093750000e+01 7.528831842284944287e-02
5.714416503906250000e+01 2.161428009384280813e-02
5.717468261718750000e+01 1.187594171155978984e-01
5.720520019531250000e+01 -3.867178643707802621e-02
5.723571777343750000e+01 2.472271555355973760e-01
5.726623535156250000e+01 3.983090532130972861e-03
5.729675292968750000e+01 1.314373192460038808e-01
5.732727050781250000e+01 6.603994002489343984e-03
5.735778808593750000e+01 1.276520523524595774e-01
5.738830566406250000e+01 1.897719162897146816e-01
5.741882324218750000e+01 1.375436563141647639e-01
5.744934082031250000e+01 2.816667277577380446e-01
5.747985839843750000e+01 1.301977637544382560e-01
5.751037597656250000e+01 -2.172233505427811906e-01
5.754089355468750000e+01 1.975332603187780478e-01
5.757141113281250000e+01 -1.343519910331565370e-01
5.760192871093750000e+01 4.685599559377351397e-02
5.763244628906250000e+01 -2.556165872135807149e-03
5.766296386718750000e+01 -5.196714464216256602e-02
5.769348144531250000e+01 2.082543999012500535e-01
5.772399902343750000e+01 2.108941781364137569e-02
5.775451660156250000e+01 7.596050960222555659e-02
5.778503417968750000e+01 1.880272700867635649e-02
5.781555175781250000e+01 7.834531128872868067e-02
5.784606933593750000e+01 9.009850961786014523e-02
5.787658691406250000e+01 -4.188495029950445314e-02
5.790710449218750000e+01 -4.340463562112972795e-02
5.793762207031250000e+01 1.120592224916094892e-01
5.796813964843750000e+01 -1.302390003206710389e-02
5.799865722656250000e+01 -2.812943904868348000e-01
5.802917480468750000e+01 1.072965728754411430e-01
5.805969238281250000e+01 2.705773528751365120e-01
5.809020996093750000e+01 2.074798280149821039e-01
5.812072753906250000e+01 -2.254776572448236038e-02
5.815124511718750000e+01 -2.415020988473770558e-02
5.818176269531250000e+01 1.434989054540665165e-01
5.821228027343750000e+01 2.162699355794757139e-01
5.824279785156250000e+01 2.143349936462755068e-01
5.827331542968750000e+01 4.263181786268432916e-02
5.830383300781250000e+01 -3.098681444640760674e-02
5.833435058593750000e+01 -3.480126083251775526e-01
5.836486816406250000e+01 -1.194441047019267899e-01
5.839538574218750000e+01 4.351263601495247713e-02
5.842590332031250000e+01 -9.138116137381757653e-02
5.845642089843750000e+01 -5.113051313230698725e-03
5.848693847656250000e+01 -3.117913311956499456e-02
5.851745605468750000e+01 6.769333140255184844e-06
5.854797363281250000e+01 1.171006564387084836e-01
5.857849121093750000e+01 3.055403641496923228e-03
5.860900878906250000e+01 1.600072360437820862e-01
5.863952636718750000e+01 2.479903280163284762e-01
5.867004394531250000e+01 -7.610445656848696672e-02
5.870056152343750000e+01 4.069611583183814219e-01
5.873107910156250000e+01 -5.186678757308982313e-02
5.876159667968750000e+01 -1.597416196814265277e-01
5.879211425781250000e+01 -1.460029426937126118e-01
5.882263183593750000e+01 2.364500684361132699e-01
5.885314941406250000e+01 -9.709938815279883784e-02
5.888366699218750000e+01 3.291411228781271348e-02
5.891418457031250000e+01 7.903573087855875201e-02
5.894470214843750000e+01 -1.665897618389635682e-01
5.897521972656250000e+01 3.633288890960670869e-01
5.900573730468750000e+01 -3.039256062331787689e-01
5.903625488281250000e+01 4.765016542563671464e-02
5.906677246093750000e+01 1.113850568207794822e-01
5.909729003906250000e+01 9.760621176042150182e-02
5.912780761718750000e+01 4.053919947979238714e-01
5.915832519531250000e+01 2.606945498259278793e-01
5.918884277343750000e+01 1.845404836701618478e-01
5.921936035156250000e+01 8.655866088702168781e-03
5.924987792968750000e+01 -1.792823053854704085e-01
5.928039550781250000e+01 -1.932388788800381008e-01
5.931091308593750000e+01 6.146438072821638343e-01
5.934143066406250000e+01 -2.003854807094285206e-02
5.937194824218750000e+01 -1.082965036891891941e-02
5.940246582031250000e+01 2.771581914831813265e-01
5.943298339843750000e+01 -5.014851302172473879e-02
5.946350097656250000e+01 -2.878242309135430332e-01
5.949401855468750000e+01 4.923845558192851968e-02
5.952453613281250000e+01 -1.378679283011479129e-01
5.955505371093750000e+01 -1.596902615875137599e-01
5.958557128906250000e+01 -1.139153158422345768e-01
5.961608886718750000e+01 7.437755928214073720e-02
5.964660644531250000e+01 -3.173180614265902477e-02
5.967712402343750000e+01 3.899001386947702485e-01
5.970764160156250000e+01 -2.721157702011964830e-01
5.973815917968750000e+01 -5.971252397590092187e-01
5.976867675781250000e+01 -1.820322491812476073e-02
5.979919433593750000e+01 -3.193176066110936517e-02
5.982971191406250000e+01 -3.493093858409110908e-01
5.986022949218750000e+01 2.901619427548212116e-01
5.989074707031250000e+01 -2.025985890481365459e-01
5.992126464843750000e+01 -2.775421567186526772e-01
5.995178222656250000e+01 4.937054282464714561e-02
5.998229980468750000e+01 -7.250746660054119275e-02
6.001281738281250000e+01 -5.208121778372287736e-02
6.004333496093750000e+01 2.377549987066345238e-01
6.007385253906250000e+01 1.423991286623049746e-01
6.010437011718750000e+01 1.094830046267816215e-01
6.013488769531250000e+01 1.526784982376625521e-01
6.016540527343750000e+01 -3.813652239128373367e-01
6.019592285156250000e+01 -2.552214073110690151e-01
6.022644042968750000e+01 -3.224454741132376512e-02
6.025695800781250000e+01 -1.983821190304979609e-02
6.028747558593750000e+01 -3.037873161003972200e-01
6.031799316406250000e+01 3.917870430721563935e-01
6.034851074218750000e+01 1.388453116884420524e-01
6.037902832031250000e+01 5.463602179042936768e-02
6.040954589843750000e+01 -2.955942476748987247e-01
6.044006347656250000e+01 -5.381876716000988381e-03
6.047058105468750000e+01 -1.890457160151299831e-01
6.050109863281250000e+01 -7.674934278799128151e-02
6.053161621093750000e+01 1.005502087473928441e-01
6.056213378906250000e+01 -2.846495057551123864e-01
6.059265136718750000e+01 8.587790089450209052e-03
6.062316894531250000e+01 7.999353871025505214e-02
6.065368652343750000e+01 -2.340064814993070286e-01
6.068420410156250000e+01 4.220259590550767825e-01
6.071472167968750000e+01 2.703372866466224878e-02
6.074523925781250000e+01 -7.874269692837287948e-02
6.077575683593750000e+01 2.141937498401489393e-01
6.080627441406250000e+01 8.189897445220140071e-02
6.083679199218750000e+01 -1.444197503965938267e-01
6.086730957031250000e+01 8.665969176541921115e-02
6.089782714843750000e+01 3.326629330607033808e-01
6.092834472656250000e+01 2.137376759492326528e-01
6.095886230468750000e+01 1.207996276065159691e-02
6.098937988281250000e+01 1.218843662229573965e-03
6.101989746093750000e+01 -1.676616018578442890e-01
6.105041503906250000e+01 5.564003969840314312e-02
6.108093261718750000e+01 2.626765002121373982e-01
6.111145019531250000e+01 -3.822092395756726546e-02
6.114196777343750000e+01 1.314939073215555254e-01
6.117248535156250000e+01 -4.193022907514887265e-02
6.120300292968750000e+01 -3.459078863273248317e-01
6.123352050781250000e+01 -3.935019962250407843e-02
6.126403808593750000e+01 -5.710540453094381519e-03
6.129455566406250000e+01 -2.263783692973220241e-02
6.132507324218750000e+01 -9.376368315520267060e-02
6.135559082031250000e+01 1.265234908520938006e-01
6.138610839843750000e+01 2.729228634575520118e-02
6.141662597656250000e+01 -1.120993887576560155e-01
6.144714355468750000e+01 1.749011976988867900e-01
6.147766113281250000e+01 -1.438714838240571225e-01
6.150817871093750000e+01 -1.267060097210901404e-01
6.153869628906250000e+01 -3.925904192543043791e-01
6.156921386718750000e+01 -1.121179762760107224e-01
6.159973144531250000e+01 2.154437389777399403e-01
6.163024902343750000e+01 2.000800759778940119e-01
6.166076660156250000e+01 4.821413744506912735e-01
6.169128417968750000e+01 9.611249562641432931e-02
6.172180175781250000e+01 1.300173825626416146e-02
6.175231933593750000e+01 1.436672546264503580e-01
6.178283691406250000e+01 -6.178719748879757390e-02
6.181335449218750000e+01 -3.007493153731957136e-01
6.184387207031250000e+01 2.110216216771050313e-01
6.187438964843750000e+01 -6.269875350511711076e-02
6.190490722656250000e+01 -1.366009240200583008e-03
6.193542480468750000e+01 -5.126631799214464991e-03
6.196594238281250000e+01 1.289917890512697340e-01
6.199645996093750000e+01 3.894524889460626582e-03
6.202697753906250000e+01 -9.684909018699272565e-02
6.205749511718750000e+01 7.943803327918885770e-03
6.208801269531250000e+01 -1.265204975421170275e-01
6.211853027343750000e+01 1.991903784628448193e-01
6.214904785156250000e+01 -1.141972520669582991e-01
6.217956542968750000e+01 1.645466539059725619e-03
6.221008300781250000e+01 -2.444191627664054067e-01
6.224060058593750000e+01 1.065932332985539688e-01
6.227111816406250000e+01 -2.829333137630101191e-01
6.230163574218750000e+01 -5.682815133860685819e-02
6.233215332031250000e+01 2.823452423417620594e-01
6.236267089843750000e+01 -1.747759273417841541e-01
6.239318847656250000e+01 1.853642461791196183e-01
6.242370605468750000e+01 -9.667637738687062665e-02
6.245422363281250000e+01 6.507021793561307277e-02
6.248474121093750000e+01 4.166726298120693173e-02
6.251525878906250000e+01 2.733613382091562016e-01
6.254577636718750000e+01 -1.973976067648663957e-01
6.257629394531250000e+01 -1.548808137165451626e-01
6.260681152343750000e+01 -8.451077140080087702e-03
6.263732910156250000e+01 4.740307606243732153e-02
6.266784667968750000e+01 -9.742577748022540618e-02
6.269836425781250000e+01 -1.958673267494646097e-01
6.272888183593750000e+01 4.687823147497738319e-02
6.275939941406250000e+01 -8.171351832191930953e-02
6.278991699218750000e+01 -9.006542914107740216e-02
6.282043457031250000e+01 1.381860229836888720e-01
6.285095214843750000e+01 3.028394206264124477e-01
6.288146972656250000e+01 -1.611687141722768501e-01
6.291198730468750000e+01 -8.367236717037940252e-02
6.294250488281250000e+01 5.302865557524683027e-02
6.297302246093750000e+01 4.941042692706787420e-02
6.300354003906250000e+01 -2.417438513324441374e-01
6.303405761718750000e+01 -1.805721199866070492e-01
6.306457519531250000e+01 2.885591645698468710e-01
6.309509277343750000e+01 1.407171397048045947e-01
6.312561035156250000e+01 1.912079826746548861e-02
6.315612792968750000e+01 -3.952301051612039373e-01
6.318664550781250000e+01 -5.857336481670927242e-02
6.321716308593750000e+01 1.120771726618841058e-02
6.324768066406250000e+01 -4.269838359169852993e-02
6.327819824218750000e+01 1.267847473951064785e-01
6.330871582031250000e+01 2.190894820557787170e-01
6.333923339843750000e+01 -1.465520030812967889e-01
6.336975097656250000e+01 -2.349407346007410524e-01
6.340026855468750000e+01 2.092638624860683194e-01
6.343078613281250000e+01 1.487082713829863678e-01
6.346130371093750000e+01 8.616959053932760071e-02
6.349182128906250000e+01 7.642687154083205314e-02
6.352233886718750000e+01 -1.401329238597099902e-01
6.355285644531250000e+01 -4.141872870241058990e-01
6.358337402343750000e+01 -2.488050617699855138e-02
6.361389160156250000e+01 3.175470273242808616e-02
6.364440917968750000e+01 -1.134833215467665468e-01
6.367492675781250000e+01 -3.920215820521093519e-01
6.370544433593750000e+01 -3.770412322009519812e-01
6.373596191406250000e+01 2.532979725566519846e-02
6.376647949218750000e+01 -1.387048814547711117e-01
6.379699707031250000e+01 -9.277808187505343085e-02
6.382751464843750000e+01 2.132552699197276525e-02
6.385803222656250000e+01 -2.902905402516466893e-01
6.388854980468750000e+01 4.967474077045608283e-02
6.391906738281250000e+01 1.538312323350510269e-01
6.394958496093750000e+01 2.403542822719373362e-03
6.398010253906250000e+01 -9.210832875220376081e-02
6.401062011718750000e+01 5.889424944632537517e-02
6.404113769531250000e+01 2.468236299678210344e-01
6.407165527343750000e+01 6.860363997873264452e-02
6.410217285156250000e+01 1.217989757958548580e-01
6.413269042968750000e+01 -1.304555978957182560e-01
6.416320800781250000e+01 -2.313729726524798025e-01
6.419372558593750000e+01 3.940895752130018082e-01
6.422424316406250000e+01 -1.166473009171795638e-01
6.425476074218750000e+01 4.247098550832788533e-01
6.428527832031250000e+01 3.320343333326150059e-01
6.431579589843750000e+01 -1.427207420582590203e-01
6.434631347656250000e+01 -3.461129891568930361e-01
6.437683105468750000e+01 -6.537385414878826850e-02
6.440734863281250000e+01 -2.457853203202944314e-01
6.443786621093750000e+01 9.058840248724209232e-02
6.446838378906250000e+01 5.641821186299011970e-02
6.449890136718750000e+01 -1.563098090499579484e-01
6.452941894531250000e+01 -3.114506415542450668e-01
6.455993652343750000e+01 -2.851944720222263641e-01
6.459045410156250000e+01 2.623940014619847716e-01
6.462097167968750000e+01 -1.066735031629946207e-01
6.465148925781250000e+01 -9.393507263848732691e-02
6.468200683593750000e+01 -3.538706882296196454e-01
6.471252441406250000e+01 -1.910152628356627247e-01
6.474304199218750000e+01 -6.949607785884381883e-03
6.477355957031250000e+01 -1.908095041841306738e-02
6.480407714843750000e+01 -2.241439106427378647e-01
6.483459472656250000e+01 1.538014521856325700e-01
6.486511230468750000e+01 -4.073192323568264328e-02
6.489562988281250000e+01 2.055005912507112953e-01
6.492614746093750000e+01 -3.985380096992230392e-03
6.495666503906250000e+01 1.470638240946868791e-01
6.498718261718750000e+01 -8.997850588792744020e-02
6.501770019531250000e+01 8.957512923183230669e-02
6.504821777343750000e+01 1.744637424089319211e-01
6.507873535156250000e+01 -1.203996198927370642e-02
6.510925292968750000e+01 3.183403486394809079e-02
6.513977050781250000e+01 -7.025704116779252217e-02
6.517028808593750000e+01 -1.494594310117918212e-01
6.520080566406250000e+01 -1.015861236363662101e-01
6.523132324218750000e+01 2.404647402715909266e-02
6.526184082031250000e+01 5.522766794359768028e-02
6.529235839843750000e+01 5.168035783412960882e-02
6.532287597656250000e+01 3.970105000648231908e-01
6.535339355468750000e+01 2.280894318674882015e-01
6.538391113281250000e+01 2.083878344791401105e-02
6.541442871093750000e+01 -2.176003325614601636e-01
6.544494628906250000e+01 -1.558985711001810159e-01
6.547546386718750000e+01 -9.038161640000907937e-02
6.550598144531250000e+01 2.506485289529223337e-01
6.553649902343750000e+01 2.219064362742528829e-02
6.556701660156250000e+01 8.572543989157566102e-02
6.559753417968750000e+01 -1.056526004508100414e-01
6.562805175781250000e+01 -1.568859520040177813e-02
6.565856933593750000e+01 5.511086323735980841e-02
6.568908691406250000e+01 -9.647077847529317296e-02
6.571960449218750000e+01 -4.446766850001040439e-01
6.575012207031250000e+01 -7.217897607188206166e-02
6.578063964843750000e+01 -1.191448886092416615e-01
6.581115722656250000e+01 8.321830141215968979e-02
6.584167480468750000e+01 -2.579666038546406526e-01
6.587219238281250000e+01 1.822210493101010798e-01
6.590270996093750000e+01 -4.025541888842099070e-01
6.593322753906250000e+01 -1.894515103788307897e-02
6.596374511718750000e+01 -1.769921209182712118e-01
6.599426269531250000e+01 3.645477086706705450e-03
6.602478027343750000e+01 -1.045958341414916504e-01
6.605529785156250000e+01 1.057973725788770025e-01
6.608581542968750000e+01 -2.924820322065215805e-01
6.611633300781250000e+01 -8.391891232355419561e-02
6.614685058593750000e+01 1.028856574687893044e-01
6.617736816406250000e+01 4.841873717998623761e-02
6.620788574218750000e+01 -6.506869716025676098e-02
6.623840332031250000e+01 1.278956485538174093e-02
6.626892089843750000e+01 -1.464122390177067246e-01
6.629943847656250000e+01 1.442155391358141969e-01
6.632995605468750000e+01 2.386462874679864399e-01
6.636047363281250000e+01 1.301051031198880992e-01
6.639099121093750000e+01 -5.414971364001530674e-02
6.642150878906250000e+01 6.637500074191393651e-02
6.645202636718750000e+01 1.530561988849399313e-01
6.648254394531250000e+01 -1.621786294796265793e-01
6.651306152343750000e+01 7.486363038378840429e-02
6.654357910156250000e+01 5.458214789973681036e-02
6.657409667968750000e+01 2.446282897631135711e-01
6.660461425781250000e+01 -1.650870558452197656e-01
6.663513183593750000e+01 -1.021151589436612994e-01
6.666564941406250000e+01 -3.200167431361933268e-02
6.669616699218750000e+01 3.554880771906709924e-02
6.672668457031250000e+01 5.854409917600378321e-02
6.675720214843750000e+01 -2.124359664350663479e-01
6.678771972656250000e+01 8.729366900604418333e-02
6.681823730468750000e+01 -1.229873325274866147e-02
6.684875488281250000e+01 -3.501108787573343761e-01
6.687927246093750000e+01 3.249863824166823179e-01
6.690979003906250000e+01 -2.361524580064724432e-01
6.694030761718750000e+01 -9.834673642450297848e-02
6.697082519531250000e+01 1.625978826414211653e-01
6.700134277343750000e+01 -1.537580543893000140e-01
6.703186035156250000e+01 -2.141625948454475292e-01
6.706237792968750000e+01 2.404783504027818708e-02
6.709289550781250000e+01 -4.868487064976534384e-02
6.712341308593750000e+01 3.391736380945076235e-02
6.715393066406250000e+01 -3.215902862455095601e-01
6.718444824218750000e+01 1.537689553964582956e-02
6.721496582031250000e+01 -1.960369869709666091e-02
6.724548339843750000e+01 -6.132821197275006853e-02
6.727600097656250000e+01 -3.365727677700647291e-01
6.730651855468750000e+01 -2.317204231650293877e-01
6.733703613281250000e+01 -3.668883660891424370e-01
6.736755371093750000e+01 2.693980124010977306e-01
6.739807128906250000e+01 2.689966220337964842e-01
6.742858886718750000e+01 -2.076311118375429032e-01
6.745910644531250000e+01 1.218329255967773861e-01
6.748962402343750000e+01 1.209751596942965080e-01
6.752014160156250000e+01 2.255560880799976076e-01
6.755065917968750000e+01 7.479690174000097613e-02
6.758117675781250000e+01 1.196558522088366772e-01
6.761169433593750000e+01 1.219737593816603294e-01
6.764221191406250000e+01 3.070313845625491922e-01
6.767272949218750000e+01 -1.839359211005557881e-01
6.770324707031250000e+01 4.031001622925600714e-01
6.773376464843750000e+01 1.624999858931346353e-01
6.776428222656250000e+01 8.422326608882713117e-02
6.779479980468750000e+01 2.877415286178575116e-02
6.782531738281250000e+01 -1.366903717732839141e-01
6.785583496093750000e+01 2.576294964659382458e-01
6.788635253906250000e+01 1.018704759248407754e-01
6.791687011718750000e+01 1.410507596591514812e-02
6.794738769531250000e+01 1.001682571244373321e-01
6.797790527343750000e+01 -1.063706450620998112e-01
6.800842285156250000e+01 -4.458741798223400110e-01
6.803894042968750000e+01 2.196276231489946440e-01
6.806945800781250000e+01 1.126384255635457521e-01
6.809997558593750000e+01 6.778832493694153527e-03
6.813049316406250000e+01 1.922099763563096531e-01
6.816101074218750000e+01 -2.309094518363394855e-01
6.819152832031250000e+01 -1.234803313842007810e-01
6.822204589843750000e+01 -2.111801529142667277e-01
6.825256347656250000e+01 -1.581629695523929513e-01
6.828308105468750000e+01 -2.403992406737529564e-01
6.831359863281250000e+01 -2.473651062473436468e-04
6.834411621093750000e+01 1.629091118397241189e-01
6.837463378906250000e+01 2.293493586932981998e-02
6.840515136718750000e+01 1.293906534698407995e-01
6.843566894531250000e+01 1.152413521451194356e-01
6.846618652343750000e+01 -7.600100560068767663e-02
6.849670410156250000e+01 1.410212458627597698e-01
6.852722167968750000e+01 2.396801825960892529e-02
6.855773925781250000e+01 8.760981901860986909e-02
6.858825683593750000e+01 -1.140982741193283800e-01
6.861877441406250000e+01 -4.984386537387308636e-03
6.864929199218750000e+01 3.882486005225587178e-01
6.867980957031250000e+01 1.177247101159650811e-01
6.871032714843750000e+01 -2.592135288421104633e-01
6.874084472656250000e+01 -4.115010110757566508e-02
6.877136230468750000e+01 -2.915005344051451175e-01
6.880187988281250000e+01 -5.463738770873760586e-02
6.883239746093750000e+01 9.008430398353084456e-03
6.886291503906250000e+01 1.818081602118581941e-02
6.889343261718750000e+01 -6.062853200063500481e-02
6.892395019531250000e+01 -1.369655124836413052e-01
6.895446777343750000e+01 1.110082530994418448e-01
6.898498535156250000e+01 5.447806710498070970e-02
6.901550292968750000e+01 -3.875192056107721328e-01
6.904602050781250000e+01 -4.522272177693480444e-01
6.907653808593750000e+01 -8.697262990506260394e-02
6.910705566406250000e+01 3.630602314327120439e-01
6.913757324218750000e+01 -3.217636438985209679e-01
6.916809082031250000e+01 1.856431460675480594e-01
6.919860839843750000e+01 1.171836771251832943e-01
6.922912597656250000e+01 1.807131735075131473e-01
6.925964355468750000e+01 -7.597783781920952606e-02
6.929016113281250000e+01 -7.549677910628815880e-02
6.932067871093750000e+01 -6.421205893445858237e-02
6.935119628906250000e+01 4.208279824762826138e-01
6.938171386718750000e+01 -4.002387204820934130e-02
6.941223144531250000e+01 -1.403406209314539410e-01
6.944274902343750000e+01 1.201523936530293213e-01
6.947326660156250000e+01 -4.863280317973135425e-01
6.950378417968750000e+01 -1.680948859407749296e-01
6.953430175781250000e+01 -3.162399923206749008e-02
6.956481933593750000e+01 1.707876857585688413e-02
6.959533691406250000e+01 -7.063160242523736088e-02
6.962585449218750000e+01 3.028095846520955092e-01
6.965637207031250000e+01 -1.489135885379369029e-01
6.968688964843750000e+01 2.170516608292132332e-01
6.971740722656250000e+01 -2.324486293679228766e-02
6.974792480468750000e+01 3.588955702541625215e-01
6.977844238281250000e+01 4.623193955703754909e-01
6.980895996093750000e+01 -1.576879752320792250e-02
6.983947753906250000e+01 2.042330413751756168e-01
6.986999511718750000e+01 8.314034157370997491e-02
6.990051269531250000e+01 -1.987490457447620429e-01
6.993103027343750000e+01 -1.835493787735913429e-01
6.996154785156250000e+01 -2.348233757970774604e-02
6.999206542968750000e+01 -2.713128151229966534e-01
7.002258300781250000e+01 -1.013877356126045015e-01
7.005310058593750000e+01 -1.202744822423369442e-01
7.008361816406250000e+01 9.008724734007955703e-02
7.011413574218750000e+01 9.045795079862273269e-02
7.014465332031250000e+01 -2.312229191239225656e-01
7.017517089843750000e+01 1.560860203221636766e-02
7.020568847656250000e+01 8.736120528982382893e-02
7.023620605468750000e+01 -1.089521702824640670e-01
7.026672363281250000e+01 1.681740071217063814e-02
7.029724121093750000e+01 -1.264250528149091224e-01
7.032775878906250000e+01 1.896817382851168077e-02
7.035827636718750000e+01 -8.398183415522453288e-03
7.038879394531250000e+01 -7.656611712178573725e-02
7.041931152343750000e+01 2.128713547444363030e-01
7.044982910156250000e+01 4.972738509357554904e-01
7.048034667968750000e+01 2.113337538756354661e-01
7.051086425781250000e+01 9.357645380032408866e-02
7.054138183593750000e+01 -9.379397336601869029e-03
7.057189941406250000e+01 -1.167598741441224774e-01
7.060241699218750000e+01 -9.723424278888614936e-03
7.063293457031250000e+01 -8.228249930465381112e-02
7.066345214843750000e+01 -1.288096582079560903e-01
7.069396972656250000e+01 3.566155087748938968e-01
7.072448730468750000e+01 -5.630485031264242934e-02
7.075500488281250000e+01 1.694776039788621347e-01
7.078552246093750000e+01 1.810575978166184541e-01
7.081604003906250000e+01 1.717945058046552731e-01
7.084655761718750000e+01 -5.789663339095341144e-02
7.087707519531250000e+01 -7.848090805867968811e-02
7.090759277343750000e+01 8.938128101317488472e-02
7.093811035156250000e+01 2.204091717071605672e-01
7.096862792968750000e+01 -1.921111035647413701e-01
7.099914550781250000e+01 -3.061080119990151616e-01
7.102966308593750000e+01 -8.486890751271403133e-02
7.106018066406250000e+01 5.491919777296061511e-02
7.109069824218750000e+01 3.255670944710686854e-01
7.112121582031250000e+01 -6.152995415021678127e-02
7.115173339843750000e+01 1.052064206452882900e-01
7.118225097656250000e+01 2.862656024859688841e-02
7.121276855468750000e+01 4.756372025356085942e-01
7.124328613281250000e+01 1.713068108273319012e-02
7.127380371093750000e+01 -2.786251822520284804e-01
7.130432128906250000e+01 2.092802566540399312e-01
7.133483886718750000e+01 -7.850969206219815533e-02
7.136535644531250000e+01 -9.548623974899328459e-02
7.139587402343750000e+01 3.417458779176740791e-02
7.142639160156250000e+01 -1.382271610246448290e-01
7.145690917968750000e+01 -5.788191629858374654e-02
7.148742675781250000e+01 -1.346712702412560247e-01
7.151794433593750000e+01 -4.404077990898258577e-02
7.154846191406250000e+01 -1.866862464991072557e-01
7.157897949218750000e+01 3.922263139467077053e-01
7.160949707031250000e+01 -3.499474938075763930e-02
7.164001464843750000e+01 -1.948814193221437563e-01
7.167053222656250000e+01 3.020405264635428466e-03
7.170104980468750000e+01 4.625955208388177198e-02
7.173156738281250000e+01 3.325716164165442024e-01
7.176208496093750000e+01 5.552959588635530963e-02
7.179260253906250000e+01 -1.736604552427820636e-01
7.182312011718750000e+01 5.463891377530671889e-02
7.185363769531250000e+01 3.479106126711144498e-01
7.188415527343750000e+01 1.346214378926333666e-01
7.191467285156250000e+01 -1.042715797386790655e-01
7.194519042968750000e+01 -3.026063312766495983e-01
7.197570800781250000e+01 4.398119652057630447e-02
7.200622558593750000e+01 1.355496806507971996e-02
7.203674316406250000e+01 2.111076674395917507e-03
7.206726074218750000e+01 1.140501566809462020e-01
7.209777832031250000e+01 1.226876373378900098e-01
7.212829589843750000e+01 1.966170180310200521e-02
7.215881347656250000e+01 -4.968770155940092081e-01
7.218933105468750000e+01 1.486940433022141406e-01
7.221984863281250000e+01 1.164221203720217090e-02
7.225036621093750000e+01 1.813534764994528814e-01
7.228088378906250000e+01 -2.808524968963865831e-02
7.231140136718750000e+01 1.955650177757206620e-02
7.234191894531250000e+01 3.432301464737292918e-01
7.237243652343750000e+01 1.120335843449424829e-01
7.240295410156250000e+01 -2.214269838823383907e-01
7.243347167968750000e+01 -1.553815391238799748e-01
7.246398925781250000e+01 1.808617793869871093e-02
7.249450683593750000e+01 -2.548672376900640302e-02
7.252502441406250000e+01 1.550497991229349282e-02
7.255554199218750000e+01 -4.445506888987438288e-02
7.258605957031250000e+01 1.018230707775273913e-01
7.261657714843750000e+01 -3.668414038543232891e-03
7.264709472656250000e+01 3.900470387072800804e-01
7.267761230468750000e+01 -9.172539566003479194e-02
7.270812988281250000e+01 -4.600635984565997205e-01
7.273864746093750000e+01 -3.233049724845500350e-01
7.276916503906250000e+01 -1.507488346096579335e-01
7.279968261718750000e+01 -3.186200917127735011e-03
7.283020019531250000e+01 -2.294329898377327481e-01
7.286071777343750000e+01 -6.178900652224683654e-02
7.289123535156250000e+01 -6.485996432485308105e-02
7.292175292968750000e+01 2.036759136324803876e-01
7.295227050781250000e+01 -4.509128522624905600e-02
7.298278808593750000e+01 -9.875921761863537540e-02
7.301330566406250000e+01 1.614770476269313804e-01
7.304382324218750000e+01 5.934797879001507681e-02
7.307434082031250000e+01 2.419177843838156150e-01
7.310485839843750000e+01 1.167669831050943685e-02
7.313537597656250000e+01 -3.042313146636388410e-02
7.316589355468750000e+01 2.020440758284962612e-01
7.319641113281250000e+01 -1.497778814534740377e-01
7.322692871093750000e+01 -2.584964256647594993e-01
7.325744628906250000e+01 -1.508754732998340842e-01
7.328796386718750000e+01 2.080886372710892829e-01
7.331848144531250000e+01 -1.156250905274305296e-01
7.334899902343750000e+01 2.132494561032558522e-01
7.337951660156250000e+01 3.373205207020646412e-02
7.341003417968750000e+01 -2.239710042834985870e-01
7.344055175781250000e+01 -1.626429165692115930e-01
7.347106933593750000e+01 -9.072484738345565347e-02
7.350158691406250000e+01 2.652817379408816123e-01
7.353210449218750000e+01 7.127039360108256005e-02
7.356262207031250000e+01 1.480113827782929548e-01
7.359313964843750000e+01 -1.342865547860583320e-01
7.362365722656250000e+01 6.641759603962782421e-02
7.365417480468750000e+01 1.992974296257443712e-02
7.368469238281250000e+01 3.769151686904592680e-01
7.371520996093750000e+01 1.799153766315839675e-01
7.374572753906250000e+01 -1.757231926023905544e-02
7.377624511718750000e+01 -2.745994331563110791e-01
7.380676269531250000e+01 1.623740735038268213e-01
7.383728027343750000e+01 9.632671584290619649e-02
7.386779785156250000e+01 -1.320432644559446089e-01
7.389831542968750000e+01 3.051755090553456284e-01
7.392883300781250000e+01 -1.521671106139592666e-01
7.395935058593750000e+01 -4.154670990970998901e-02
7.398986816406250000e+01 -2.620181473162119801e-02
7.402038574218750000e+01 -2.751914433963520423e-02
7.405090332031250000e+01 4.764094919192984889e-02
7.408142089843750000e+01 -2.551893080877221109e-01
7.411193847656250000e+01 3.225655227605557229e-01
7.414245605468750000e+01 4.934982236818541423e-03
7.417297363281250000e+01 9.431775146447307634e-02
7.420349121093750000e+01 8.351168148828946869e-02
7.423400878906250000e+01 -4.277253485213350359e-02
7.426452636718750000e+01 2.166858050478026598e-01
7.429504394531250000e+01 4.126069155095706265e-01
7.432556152343750000e+01 2.968090931915412511e-03
7.435607910156250000e+01 8.499833469636541849e-02
7.438659667968750000e+01 9.723524393285742917e-02
7.441711425781250000e+01 -5.391859399446730094e-02
7.444763183593750000e+01 4.031432656975084683e-01
7.447814941406250000e+01 3.653605685479988097e-02
7.450866699218750000e+01 2.173230113677959707e-01
7.453918457031250000e+01 -4.215613009836260971e-01
7.456970214843750000e+01 -3.104757674516918087e-01
7.460021972656250000e+01 5.466896689733857784e-02
7.463073730468750000e+01 1.903829112926018752e-01
7.466125488281250000e+01 -5.421284105347012883e-02
7.469177246093750000e+01 -4.262496383360030450e-01
7.472229003906250000e+01 1.070483978108427436e-01
7.475280761718750000e+01 1.197779465333042026e-01
7.478332519531250000e+01 -2.070917544305075353e-01
7.481384277343750000e+01 -1.237743286715726754e-01
7.484436035156250000e+01 1.995031724835030218e-01
7.487487792968750000e+01 -3.709445659012544638e-02
7.490539550781250000e+01 -2.386270308937810114e-01
7.493591308593750000e+01 7.045341601155996614e-03
7.496643066406250000e+01 2.629414591725094397e-01
7.499694824218750000e+01 1.314477958776478772e-01
7.502746582031250000e+01 2.662685116297325294e-02
7.505798339843750000e+01 5.370323384892117247e-02
7.508850097656250000e+01 1.080321679891085296e-01
7.511901855468750000e+01 -2.034728447347333713e-02
7.514953613281250000e+01 -1.321553389416294522e-01
7.518005371093750000e+01 2.579595665254714731e-01
7.521057128906250000e+01 9.433336886655752096e-02
7.524108886718750000e+01 2.081428253312651577e-01
7.527160644531250000e+01 1.692731892626966328e-01
7.530212402343750000e+01 -1.300331082640582281e-01
7.533264160156250000e+01 3.789495181225674969e-01
7.536315917968750000e+01 -1.469796157388714164e-01
7.539367675781250000e+01 -2.322345729171502171e-01
7.542419433593750000e+01 1.439976342983300128e-01
7.545471191406250000e+01 -1.215544790384228691e-01
7.548522949218750000e+01 9.011918530404727790e-03
7.551574707031250000e+01 -1.850673337248167627e-01
7.554626464843750000e+01 4.703410644011682962e-01
7.557678222656250000e+01 3.981802275660584201e-01
7.560729980468750000e+01 9.888143473233412806e-03
7.563781738281250000e+01 4.713351271539067966e-02
7.566833496093750000e+01 -1.394841138210267673e-02
7.569885253906250000e+01 1.933721069273133253e-01
7.572937011718750000e+01 -4.208657356491585233e-02
7.575988769531250000e+01 6.474024382265497479e-02
7.579040527343750000e+01 -6.430295907409799838e-02
7.582092285156250000e+01 6.156750856399639815e-02
7.585144042968750000e+01 -5.773990658542516030e-02
7.588195800781250000e+01 2.855384667623752648e-01
7.591247558593750000e+01 -6.231441299871676165e-02
7.594299316406250000e+01 1.121976408586533580e-02
7.597351074218750000e+01 -5.638787733630579169e-03
7.600402832031250000e+01 -2.269647760837187889e-01
7.603454589843750000e+01 4.304257969033642439e-02
7.606506347656250000e+01 -9.756374249383270580e-02
7.609558105468750000e+01 -1.119795440158668498e-01
7.612609863281250000e+01 -5.550267703836198052e-02
7.615661621093750000e+01 -2.203389527094259392e-01
7.618713378906250000e+01 2.300594799312420946e-01
7.621765136718750000e+01 -3.054028987691026487e-02
7.624816894531250000e+01 4.819745074257753004e-03
7.627868652343750000e+01 -6.251153886921656522e-02
7.630920410156250000e+01 3.954565803418290670e-01
7.633972167968750000e+01 -4.269313422975073991e-02
7.637023925781250000e+01 5.965430704003438223e-02
7.640075683593750000e+01 1.046290304931858373e-01
7.643127441406250000e+01 1.552498343451134133e-01
7.646179199218750000e+01 -3.021856237012343627e-03
7.649230957031250000e+01 -1.731035223371009124e-01
7.652282714843750000e+01 2.873998549591760820e-01
7.655334472656250000e+01 4.101655211283627978e-01
7.658386230468750000e+01 -1.913147562061112694e-02
7.661437988281250000e+01 -1.965970929392710786e-01
7.664489746093750000e+01 5.338355630817659403e-01
7.667541503906250000e+01 3.264012463250764995e-02
7.670593261718750000e+01 1.058773821042677810e-01
7.673645019531250000e+01 -1.179431436437994307e-01
7.676696777343750000e+01 -2.629669610507221478e-01
7.679748535156250000e+01 2.938747222418669480e-02
7.682800292968750000e+01 -2.911117780416816458e-01
7.685852050781250000e+01 -1.363299468538343717e-01
7.688903808593750000e+01 -2.608751891405631795e-01
7.691955566406250000e+01 1.368882366524530880e-01
7.695007324218750000e+01 -3.616187716712602196e-01
7.698059082031250000e+01 -7.835666396579199500e-02
7.701110839843750000e+01 -1.823877094562931234e-02
7.704162597656250000e+01 -1.372358934270323516e-02
7.707214355468750000e+01 2.946554329383275217e-01
7.710266113281250000e+01 7.566050228871290528e-02
7.713317871093750000e+01 -1.016776202147866570e-01
7.716369628906250000e+01 2.171698733789071412e-01
7.719421386718750000e+01 -6.499550390213926221e-02
7.722473144531250000e+01 1.041333762028671117e-01
7.725524902343750000e+01 1.093831732036392168e-01
7.728576660156250000e+01 1.084382126243212952e-01
7.731628417968750000e+01 6.983487076939809413e-02
7.734680175781250000e+01 -1.330137670743170020e-01
7.737731933593750000e+01 -8.469517964272199606e-03
7.740783691406250000e+01 -2.043008763092757363e-02
7.743835449218750000e+01 -1.262420088096405379e-03
7.746887207031250000e+01 9.600003674381696328e-02
7.749938964843750000e+01 6.096909861497579186e-02
7.752990722656250000e+01 -6.845240310116196270e-02
7.756042480468750000e+01 5.447625359278163160e-02
7.759094238281250000e+01 1.108768942090136989e-01
7.762145996093750000e+01 7.304693867865807988e-03
7.765197753906250000e+01 1.505284507342707911e-01
7.768249511718750000e+01 2.651007820770701073e-02
7.771301269531250000e+01 -1.239362153921206300e-01
7.774353027343750000e+01 6.250133684636693943e-02
7.777404785156250000e+01 -2.392199903528648974e-01
7.780456542968750000e+01 6.880019296670525364e-02
7.783508300781250000e+01 1.117755091818821711e-01
7.786560058593750000e+01 -2.358433587838817402e-01
7.789611816406250000e+01 -5.431764207156675184e-02
7.792663574218750000e+01 1.168629125520510570e-01
7.795715332031250000e+01 -7.267401004094153905e-02
7.798767089843750000e+01 -5.051019763527619943e-02
7.801818847656250000e+01 -2.236280727823896086e-01
7.804870605468750000e+01 2.105236333702578122e-01
7.807922363281250000e+01 -4.171224626681464542e-01
7.810974121093750000e+01 3.393656810874290386e-02
7.814025878906250000e+01 -3.498982011308271467e-03
7.817077636718750000e+01 -1.655985473048531276e-01
7.820129394531250000e+01 5.004876021615700665e-02
7.823181152343750000e+01 4.343059769756791866e-01
7.826232910156250000e+01 9.743311205357940707e-02
7.829284667968750000e+01 -6.225440555050454350e-02
7.832336425781250000e+01 1.292546539436898456e-01
7.835388183593750000e+01 -1.637025519499388793e-01
7.838439941406250000e+01 1.302851088893248743e-01
7.841491699218750000e+01 -2.066778720426327709e-01
7.844543457031250000e+01 3.213457877950531838e-02
7.847595214843750000e+01 -3.465148440258758455e-01
7.850646972656250000e+01 -2.098746763107897095e-01
7.853698730468750000e+01 -9.188046564719343223e-02
7.856750488281250000e+01 1.386018204701144896e-01
7.859802246093750000e+01 -6.679817998553971847e-02
7.862854003906250000e+01 -1.549493641994104109e-01
7.865905761718750000e+01 -8.212152944793160714e-04
7.868957519531250000e+01 -1.621835093635013436e-01
7.872009277343750000e+01 2.129840165610517033e-01
7.875061035156250000e+01 2.397426227844334790e-03
7.878112792968750000e+01 -2.763651560692892417e-01
7.881164550781250000e+01 -2.872136431468561568e-01
7.884216308593750000e+01 1.957125599904543378e-01
7.887268066406250000e+01 1.633802495074974104e-01
7.890319824218750000e+01 3.183556727276481979e-02
7.893371582031250000e+01 4.320497741724693697e-02
7.896423339843750000e+01 7.511299094801415777e-02
7.899475097656250000e+01 -1.266213010529213534e-01
7.902526855468750000e+01 2.152237803870775679e-01
7.905578613281250000e+01 2.872632247866704347e-01
7.908630371093750000e+01 -1.383472068534388200e-01
7.911682128906250000e+01 4.987257367017150500e-01
7.914733886718750000e+01 1.593280019983467355e-01
7.917785644531250000e+01 -3.592686831690343752e-01
7.920837402343750000e+01 -2.752039679592144239e-01
7.923889160156250000e+01 2.006761996384511804e-01
7.926940917968750000e+01 3.739647710352755894e-02
7.929992675781250000e+01 -1.387613980077162523e-01
7.933044433593750000e+01 8.141277865576057593e-02
7.936096191406250000e+01 2.960025024610217770e-01
7.939147949218750000e+01 2.170133879137665645e-01
7.942199707031250000e+01 2.365963131899775362e-01
7.945251464843750000e+01 1.100308185754101942e-01
7.948303222656250000e+01 2.801879970875233994e-01
7.951354980468750000e+01 1.229528577593441696e-01
7.954406738281250000e+01 7.072896430969421999e-02
7.957458496093750000e+01 -1.673772386835707948e-01
7.960510253906250000e+01 5.234152343325604306e-02
7.963562011718750000e+01 1.692163046105292779e-01
7.966613769531250000e+01 1.932568697347392117e-01
7.969665527343750000e+01 2.973665556663718235e-02
7.972717285156250000e+01 6.964687230271238150e-02
7.975769042968750000e+01 1.902763375606468799e-01
7.978820800781250000e+01 2.499014177854519403e-01
7.981872558593750000e+01 -2.623726631578051638e-01
7.984924316406250000e+01 -3.989445876546255931e-01
7.987976074218750000e+01 -1.381826270113606370e-02
7.991027832031250000e+01 2.052011351746045875e-01
7.994079589843750000e+01 9.429524584879800386e-02
7.997131347656250000e+01 1.077182189630434550e-01
8.000183105468750000e+01 -3.855419091236171880e-01
8.003234863281250000e+01 -2.780937817408357660e-01
8.006286621093750000e+01 -1.841341769851396748e-01
8.009338378906250000e+01 -1.403147069379429013e-01
8.012390136718750000e+01 -4.830773563560342154e-02
8.015441894531250000e+01 7.952711702591841458e-02
8.018493652343750000e+01 -4.276475520543385755e-01
8.021545410156250000e+01 1.812974067565846781e-01
8.024597167968750000e+01 -1.339517280034101532e-01
8.027648925781250000e+01 -2.094744732880826632e-02
8.030700683593750000e+01 -1.374736916818619648e-02
8.033752441406250000e+01 1.161641307164131831e-01
8.036804199218750000e+01 -1.887080656258035560e-01
8.039855957031250000e+01 -6.514374411523249364e-02
8.042907714843750000e+01 1.421915671389228919e-01
8.045959472656250000e+01 6.937574822978831435e-02
8.049011230468750000e+01 -3.226231840321247546e-01
8.052062988281250000e+01 4.354330508350017226e-01
8.055114746093750000e+01 7.758375870201916769e-02
8.058166503906250000e+01 6.131795247017635120e-02
8.061218261718750000e+01 -1.364661752724032340e-01
8.064270019531250000e+01 -3.885713596739037712e-01
8.067321777343750000e+01 -2.879887103858891351e-02
8.070373535156250000e+01 -1.626784952978255205e-01
8.073425292968750000e+01 7.438327263196242711e-02
8.076477050781250000e+01 -2.357043883386040761e-01
8.079528808593750000e+01 -1.911165278150974700e-01
8.082580566406250000e+01 1.541307401419658163e-01
8.085632324218750000e+01 -6.165692118480592399e-02
8.088684082031250000e+01 -4.956960046695257915e-02
8.091735839843750000e+01 3.709041761228490941e-01
8.094787597656250000e+01 -3.160131800887029385e-01
8.097839355468750000e+01 -8.987489254235470071e-02
8.100891113281250000e+01 -2.849399952258409030e-01
8.103942871093750000e+01 -9.027092440874184831e-03
8.106994628906250000e+01 2.793339510310488549e-02
8.110046386718750000e+01 -9.044036931942400770e-02
8.113098144531250000e+01 -3.184025368879019879e-01
8.116149902343750000e+01 -9.772556933023679449e-02
8.119201660156250000e+01 4.160424368591293387e-01
8.122253417968750000e+01 -2.502735679396437263e-01
8.125305175781250000e+01 2.134460443859325096e-01
8.128356933593750000e+01 -3.311654261767102980e-01
8.131408691406250000e+01 4.374846488934736044e-02
8.134460449218750000e+01 -9.499050790111596143e-03
8.137512207031250000e+01 -7.306129432498664755e-02
8.140563964843750000e+01 9.983120205617979082e-03
8.143615722656250000e+01 -3.388570189354709328e-01
8.146667480468750000e+01 -2.205033434079268773e-01
8.149719238281250000e+01 -3.507182080954862613e-02
8.152770996093750000e+01 -6.353779373995394053e-02
8.155822753906250000e+01 -1.876761653458629553e-01
8.158874511718750000e+01 7.163904013077626587e-02
8.161926269531250000e+01 3.314427339938674777e-01
8.164978027343750000e+01 -1.374520962811516256e-01
8.168029785156250000e+01 -1.150442307986168089e-01
8.171081542968750000e+01 -1.154022738827507055e-01
8.174133300781250000e+01 -9.885337477965094877e-02
8.177185058593750000e+01 -8.096149914416628235e-02
8.180236816406250000e+01 1.560773072910137671e-01
8.183288574218750000e+01 2.538035710576309611e-01
8.186340332031250000e+01 2.313823304045854456e-01
8.189392089843750000e+01 8.390025443964077567e-02
8.192443847656250000e+01 -7.133308734017873576e-02
8.195495605468750000e+01 1.564904097181738507e-01
8.198547363281250000e+01 1.676698170626877982e-01
8.201599121093750000e+01 -9.196356729603394342e-02
8.204650878906250000e+01 -2.838508597488953455e-02
8.207702636718750000e+01 7.431712544126867215e-02
8.210754394531250000e+01 -5.744702176002647320e-02
8.213806152343750000e+01 -2.862747957249212050e-02
8.216857910156250000e+01 -1.851409968656980709e-01
8.219909667968750000e+01 9.398410522334188499e-02
8.222961425781250000e+01 -1.592087170992613210e-01
8.226013183593750000e+01 -1.319142888774536004e-01
8.229064941406250000e+01 -6.299369492342066224e-02
8.232116699218750000e+01 1.618719115919020624e-01
8.235168457031250000e+01 -2.191277728954901249e-01
8.238220214843750000e+01 -3.979401874613586187e-02
8.241271972656250000e+01 4.785291790681753810e-01
8.244323730468750000e+01 -1.166117935656529880e-01
8.247375488281250000e+01 1.252225156450208488e-01
8.250427246093750000e+01 4.122082656903103270e-02
8.253479003906250000e+01 -9.852213190356451378e-03
8.256530761718750000e+01 -2.736631083752740778e-01
8.259582519531250000e+01 1.954888224474871095e-03
8.262634277343750000e+01 -3.237452945412542249e-01
8.265686035156250000e+01 -6.158519071396995059e-02
8.268737792968750000e+01 3.462054335670927685e-03
8.271789550781250000e+01 1.373571331262724016e-01
8.274841308593750000e+01 1.197631307538813417e-01
8.277893066406250000e+01 -1.810643383890351288e-01
8.280944824218750000e+01 2.177047680675059382e-02
8.283996582031250000e+01 1.015280735443297999e-01
8.287048339843750000e+01 6.693647832167926026e-02
8.290100097656250000e+01 6.356453794904837196e-02
8.293151855468750000e+01 -3.378480023270071797e-01
8.296203613281250000e+01 -8.615368241686383044e-02
8.299255371093750000e+01 -1.743944953570917278e-01
8.302307128906250000e+01 -1.443490064512502613e-01
8.305358886718750000e+01 -4.057288061244435085e-02
8.308410644531250000e+01 -5.630342338031368854e-02
8.311462402343750000e+01 2.061949600957291295e-01
8.314514160156250000e+01 -9.618686189804748210e-02
8.317565917968750000e+01 -3.085111460750340484e-01
8.320617675781250000e+01 -1.848367311818606140e-01
8.323669433593750000e+01 -6.383100497373561666e-03
8.326721191406250000e+01 -3.099849716757034912e-01
8.329772949218750000e+01 1.006467169244729121e-01
8.332824707031250000e+01 2.671684585845355286e-01
8.335876464843750000e+01 -4.664132321750003030e-03
8.338928222656250000e+01 1.952441581882453647e-01
8.341979980468750000e+01 -2.822460750450090927e-01
8.345031738281250000e+01 -4.643259949939420039e-01
8.348083496093750000e+01 -2.796703806939149217e-02
8.351135253906250000e+01 -7.909571880873045302e-02
8.354187011718750000e+01 -3.932552509683091557e-01
8.357238769531250000e+01 -7.792854557175132868e-02
8.360290527343750000e+01 -2.051370878613738569e-01
8.363342285156250000e+01 5.626536152760763798e-02
8.366394042968750000e+01 -2.537736885082608751e-01
8.369445800781250000e+01 -2.313540923557866336e-01
8.372497558593750000e+01 -3.568605596461793539e-02
8.375549316406250000e+01 8.002607408968742675e-02
8.378601074218750000e+01 -2.942033978564495555e-02
8.381652832031250000e+01 -6.501406799577580387e-02
8.384704589843750000e+01 1.169521639745880748e-01
8.387756347656250000e+01 -5.722159592340858580e-02
8.390808105468750000e+01 4.688772527401852130e-03
8.393859863281250000e+01 7.395182510720132996e-03
8.396911621093750000e+01 1.791423471064490514e-02
8.399963378906250000e+01 -1.283353705814533896e-01
8.403015136718750000e+01 -7.893664205880668305e-02
8.406066894531250000e+01 -5.123577201004536619e-02
8.409118652343750000e+01 1.644840355577912305e-01
8.412170410156250000e+01 4.593629369651353045e-03
8.415222167968750000e+01 -2.517321867709938488e-01
8.418273925781250000e+01 -1.594860895316401184e-01
8.421325683593750000e+01 2.861585574817127053e-02
8.424377441406250000e+01 -1.808345549437717636e-01
8.427429199218750000e+01 2.655476734793182914e-02
8.430480957031250000e+01 -3.043858560004082392e-01
8.433532714843750000e+01 2.061043163081990315e-01
8.436584472656250000e+01 3.217581935394377979e-01
8.439636230468750000e+01 9.494393886279794970e-02
8.442687988281250000e+01 -2.233008509575711287e-01
8.445739746093750000e+01 -6.519663580024825933e-02
8.448791503906250000e+01 -3.078003765386938539e-02
8.451843261718750000e+01 3.132680343823039948e-01
8.454895019531250000e+01 -1.836261510562735566e-01
8.457946777343750000e+01 1.515110379443740385e-01
8.460998535156250000e+01 -2.277376358418905511e-01
8.464050292968750000e+01 -1.339637260486483683e-01
8.467102050781250000e+01 -2.504252902175494455e-01
8.470153808593750000e+01 -1.755110011243345980e-01
8.473205566406250000e+01 1.860855368126976828e-01
8.476257324218750000e+01 -6.572112652804662503e-02
8.479309082031250000e+01 6.935218887065275339e-03
8.482360839843750000e+01 -2.259808282377093747e-01
8.485412597656250000e+01 9.975802611324979807e-02
8.488464355468750000e+01 2.583879275266554032e-02
8.491516113281250000e+01 -5.412280657168366815e-02
8.494567871093750000e+01 1.673378268413898695e-01
8.497619628906250000e+01 9.979710809773223446e-02
8.500671386718750000e+01 -2.435918875410152395e-01
8.503723144531250000e+01 7.463627335447426958e-01
8.506774902343750000e+01 -2.018277955716030192e-02
8.509826660156250000e+01 -7.960538088491375674e-02
8.512878417968750000e+01 2.031962470066446258e-01
8.515930175781250000e+01 1.589105797648358021e-01
8.518981933593750000e+01 -1.169118464164284887e-01
8.522033691406250000e+01 1.312526491860239730e-01
8.525085449218750000e+01 2.292402472949675030e-01
8.528137207031250000e+01 -1.263261992335174000e-03
8.531188964843750000e+01 1.116781555608099552e-01
8.534240722656250000e+01 1.866558076271758182e-01
8.537292480468750000e+01 -1.451657559333625613e-01
8.540344238281250000e+01 -2.068456180742828110e-01
8.543395996093750000e+01 1.212756441090618864e-01
8.546447753906250000e+01 3.193005687553522876e-01
8.549499511718750000e+01 1.025306686107683163e-01
8.552551269531250000e+01 1.158939212651262096e-01
8.555603027343750000e+01 -1.677703187399970375e-01
8.558654785156250000e+01 -8.227677332172333990e-03
8.561706542968750000e+01 2.438748719034151691e-01
8.564758300781250000e+01 -3.273257090721699569e-01
8.567810058593750000e+01 -1.452351298684106951e-02
8.570861816406250000e+01 -6.011966381890943012e-02
8.573913574218750000e+01 9.524252695251789191e-02
8.576965332031250000e+01 -2.829950470752464753e-01
8.580017089843750000e+01 -1.408162735544919997e-01
8.583068847656250000e+01 2.971341689163864430e-02
8.586120605468750000e+01 -4.542331065772486909e-02
8.589172363281250000e+01 -1.291659102637936485e-01
8.592224121093750000e+01 1.323369354939814002e-01
8.595275878906250000e+01 2.355146690363767448e-01
8.598327636718750000e+01 -4.303199664356611720e-01
8.601379394531250000e+01 -1.925900675659022454e-01
8.604431152343750000e+01 1.869550971255762306e-01
8.607482910156250000e+01 -1.148656256474964721e-01
8.610534667968750000e+01 -2.265007231567324197e-01
8.613586425781250000e+01 -7.647802837777817331e-02
8.616638183593750000e+01 4.056370280566170550e-01
8.619689941406250000e+01 -6.866873839362597209e-02
8.622741699218750000e+01 -7.776446930057545615e-02
8.625793457031250000e+01 -5.604624214718683106e-01
8.628845214843750000e+01 -3.461537905917566604e-02
8.631896972656250000e+01 1.187036589399212971e-01
8.634948730468750000e+01 1.746411759501711458e-01
8.638000488281250000e+01 1.362184112538784575e-01
8.641052246093750000e+01 1.155569459297680623e-01
8.644104003906250000e+01 -3.813057449167445156e-02
8.647155761718750000e+01 -5.874173931520090264e-01
8.650207519531250000e+01 2.050622116491354063e-01
8.653259277343750000e+01 2.138809928616751677e-01
8.656311035156250000e+01 -1.141837067212918555e-01
8.659362792968750000e+01 3.861713537918376460e-02
8.662414550781250000e+01 6.980549086006249127e-02
8.665466308593750000e+01 -3.416844592601364639e-02
8.668518066406250000e+01 1.589157830442218255e-01
8.671569824218750000e+01 5.570490532437588627e-02
8.674621582031250000e+01 6.412738674896445445e-02
8.677673339843750000e+01 -2.550257580213042274e-01
8.680725097656250000e+01 1.443880481742212396e-01
8.683776855468750000e+01 -4.598969068183578202e-03
8.686828613281250000e+01 -1.455598087610496805e-01
8.689880371093750000e+01 -1.647249406225910207e-01
8.692932128906250000e+01 -3.980929007773852391e-01
8.695983886718750000e+01 4.256680969151602767e-01
8.699035644531250000e+01 1.698087839058644022e-01
8.702087402343750000e+01 1.720061611775349775e-01
8.705139160156250000e+01 -3.192656511490667981e-01
8.708190917968750000e+01 -1.502590954526681344e-01
8.711242675781250000e+01 -1.830083286398576092e-02
8.714294433593750000e+01 -9.636449716992956382e-02
8.717346191406250000e+01 -1.906329506745692015e-01
8.720397949218750000e+01 2.167822947325248606e-02
8.723449707031250000e+01 -3.320505866104781489e-01
8.726501464843750000e+01 -8.851983935738871878e-02
8.729553222656250000e+01 2.521789175187336696e-01
8.732604980468750000e+01 7.185110295898766708e-02
8.735656738281250000e+01 2.778431363788058661e-02
8.738708496093750000e+01 2.971941247456015844e-01
8.741760253906250000e+01 -5.547339178266383897e-01
8.744812011718750000e+01 -4.070891705316626030e-01
8.747863769531250000e+01 -2.535850132608743479e-01
8.750915527343750000e+01 2.377792854210269979e-01
8.753967285156250000e+01 2.503533339025239002e-01
8.757019042968750000e+01 6.520402572652983508e-02
8.760070800781250000e+01 1.152232056075490618e-01
8.763122558593750000e+01 -7.740284814781261957e-02
8.766174316406250000e+01 -1.087129548897678433e-01
8.769226074218750000e+01 8.400650743709547896e-02
8.772277832031250000e+01 2.501451862772796630e-01
8.775329589843750000e+01 2.182248091531278078e-01
8.778381347656250000e+01 -1.321946868057466418e-02
8.781433105468750000e+01 -8.359194509370126980e-02
8.784484863281250000e+01 6.475508399455520703e-02
8.787536621093750000e+01 7.108482821877259994e-03
8.790588378906250000e+01 -7.186988437598529345e-02
8.793640136718750000e+01 4.013077241739892997e-02
8.796691894531250000e+01 2.688917022013015412e-01
8.799743652343750000e+01 -3.353631477534690930e-02
8.802795410156250000e+01 -3.127404377177072092e-01
8.805847167968750000e+01 3.209888050273548288e-01
8.808898925781250000e+01 -1.321959996535042592e-01
8.811950683593750000e+01 2.301709675465986038e-01
8.815002441406250000e+01 1.000147544503420249e-01
8.818054199218750000e+01 5.158462762864246542e-02
8.821105957031250000e+01 -1.665232225198565175e-01
8.824157714843750000e+01 -1.985348712229324519e-01
8.827209472656250000e+01 1.729263894936252655e-01
8.830261230468750000e+01 6.462081252578855128e-02
8.833312988281250000e+01 1.482097738144716459e-01
8.836364746093750000e+01 -2.603887589021951499e-01
8.839416503906250000e+01 7.323073093942866763e-02
8.842468261718750000e+01 -1.074014842376982415e-01
8.845520019531250000e+01 1.257236277544393488e-01
8.848571777343750000e+01 9.941270977435578970e-03
8.851623535156250000e+01 4.538207803507816607e-01
8.854675292968750000e+01 1.172742642312982753e-01
8.857727050781250000e+01 9.029748943419235729e-03
8.860778808593750000e+01 -5.157682903342220015e-02
8.863830566406250000e+01 -1.802681269704180522e-01
8.866882324218750000e+01 1.101737754726173080e-02
8.869934082031250000e+01 6.192201748115166993e-02
8.872985839843750000e+01 1.529247149386492310e-02
8.876037597656250000e+01 2.171065217639807088e-01
8.879089355468750000e+01 -9.343905539128627424e-02
8.882141113281250000e+01 2.258066179069828650e-01
8.885192871093750000e+01 -2.906715960876340432e-01
8.888244628906250000e+01 3.179417312827581554e-01
8.891296386718750000e+01 1.909288255504861809e-01
8.894348144531250000e+01 -3.546021600183735245e-01
8.897399902343750000e+01 -4.612925379956323013e-02
8.900451660156250000e+01 -2.125403962797918211e-01
8.903503417968750000e+01 2.174534740076978778e-01
8.906555175781250000e+01 2.420518189179574620e-01
8.909606933593750000e+01 -1.966577274117753404e-02
8.912658691406250000e+01 3.694344870560826166e-01
8.915710449218750000e+01 -3.916424843140475787e-02
8.918762207031250000e+01 2.969269357726602721e-01
8.921813964843750000e+01 1.079631655818502622e-01
8.924865722656250000e+01 4.845318861441683111e-03
8.927917480468750000e+01 3.951431253852888403e-02
8.930969238281250000e+01 8.660064770538156154e-05
8.934020996093750000e+01 3.744108839561022251e-02
8.937072753906250000e+01 -4.458602216118379147e-03
8.940124511718750000e+01 -1.788542145169458308e-02
8.943176269531250000e+01 3.399534643841661818e-02
8.946228027343750000e+01 -4.041446687336360810e-01
8.949279785156250000e+01 4.022260815446543347e-02
8.952331542968750000e+01 3.902600178504371797e-01
8.955383300781250000e+01 1.434956354746077523e-01
8.958435058593750000e+01 1.562832197413399626e-01
8.961486816406250000e+01 -2.772793300117655235e-01
8.964538574218750000e+01 3.179056414112437778e-01
8.967590332031250000e+01 3.208054181116608561e-01
8.970642089843750000e+01 -1.560311728408123599e-01
8.973693847656250000e+01 -3.286685856285771479e-01
8.976745605468750000e+01 -3.207030127152847854e-01
8.979797363281250000e+01 -1.796819539464422633e-02
8.982849121093750000e+01 4.947605082026029777e-02
8.985900878906250000e+01 -8.791373216223519194e-02
8.988952636718750000e+01 2.326432163144431797e-01
8.992004394531250000e+01 -1.095501262969946765e-01
8.995056152343750000e+01 2.802511119862742817e-01
8.998107910156250000e+01 3.455283754119591322e-01
9.001159667968750000e+01 2.913292703358365543e-01
9.004211425781250000e+01 -1.561646798069205033e-02
9.007263183593750000e+01 8.278805878376260807e-03
9.010314941406250000e+01 1.299218291255215263e-01
9.013366699218750000e+01 9.333115537805269923e-02
9.016418457031250000e+01 4.309906872117608145e-02
9.019470214843750000e+01 6.317942550447241956e-02
9.022521972656250000e+01 1.532975664521245562e-01
9.025573730468750000e+01 -2.294237067761173421e-01
9.028625488281250000e+01 -2.215200397864123261e-01
9.031677246093750000e+01 -1.055842070925905318e-01
9.034729003906250000e+01 9.826671813470966299e-04
9.037780761718750000e+01 4.756525057852059035e-01
9.040832519531250000e+01 1.109668115458362081e-01
9.043884277343750000e+01 6.445732166446305200e-02
9.046936035156250000e+01 -2.073024786126325125e-01
9.049987792968750000e+01 -3.013890063834310240e-01
9.053039550781250000e+01 8.108689742499564090e-02
9.056091308593750000e+01 1.759345579001205806e-01
9.059143066406250000e+01 -6.195100651251550516e-02
9.062194824218750000e+01 -1.116347383056108811e-01
9.065246582031250000e+01 1.727032432364694614e-02
9.068298339843750000e+01 -8.932883729136165130e-02
9.071350097656250000e+01 -5.392978283424554320e-02
9.074401855468750000e+01 -3.058524777060256383e-02
9.077453613281250000e+01 -1.503485145690319769e-03
9.080505371093750000e+01 3.377283457446083048e-01
9.083557128906250000e+01 -6.595982455274906897e-02
9.086608886718750000e+01 1.098502157573193472e-01
9.089660644531250000e+01 -1.064907043425478150e-01
9.092712402343750000e+01 4.225177722332773556e-03
9.095764160156250000e+01 9.696612257221204345e-02
9.098815917968750000e+01 2.215978517646135515e-01
9.101867675781250000e+01 7.062524701132133487e-02
9.104919433593750000e+01 -1.189826986482671600e-01
9.107971191406250000e+01 -4.171451170731188540e-02
9.111022949218750000e+01 2.343450899342656157e-01
9.114074707031250000e+01 3.660869743122816544e-01
9.117126464843750000e+01 -1.991927171008569530e-01
9.120178222656250000e+01 -9.937240338035735476e-02
9.123229980468750000e+01 1.477561663187998420e-01
9.126281738281250000e+01 4.821549759981280658e-05
9.129333496093750000e+01 -5.390983117302994287e-02
9.132385253906250000e+01 6.696723027465623090e-02
9.135437011718750000e+01 -8.797367744409712031e-02
9.138488769531250000e+01 -3.989205437231930773e-01
9.141540527343750000e+01 -3.069880912977396292e-02
9.144592285156250000e+01 -8.291784977961924596e-02
9.147644042968750000e+01 9.722384688296870081e-02
9.150695800781250000e+01 -4.474759721267673740e-02
9.153747558593750000e+01 2.328060004086296431e-01
9.156799316406250000e+01 -3.422100879352001357e-01
9.159851074218750000e+01 3.352456405414159235e-01
9.162902832031250000e+01 -1.815431238771338940e-01
9.165954589843750000e+01 2.808244965920039249e-01
9.169006347656250000e+01 -1.731593116742828897e-01
9.172058105468750000e+01 2.129426855748306480e-02
9.175109863281250000e+01 2.522772771767449740e-01
9.178161621093750000e+01 -3.067952958929254237e-03
9.181213378906250000e+01 1.613865067092206118e-01
9.184265136718750000e+01 -1.843825383077728475e-01
9.187316894531250000e+01 1.175838952345884536e-01
9.190368652343750000e+01 1.632145073574520211e-02
9.193420410156250000e+01 -9.827729481230562669e-02
9.196472167968750000e+01 2.268516223005008214e-01
9.199523925781250000e+01 -9.831865452963484131e-02
9.202575683593750000e+01 1.430087485607032249e-01
9.205627441406250000e+01 2.619605394193058601e-01
9.208679199218750000e+01 -1.905294452025714236e-01
9.211730957031250000e+01 1.621867427753613811e-01
9.214782714843750000e+01 1.973063678363473628e-01
9.217834472656250000e+01 -5.681974108222220821e-02
9.220886230468750000e+01 -7.586907535858244955e-02
9.223937988281250000e+01 5.141324667653179858e-02
9.226989746093750000e+01 4.100012426829380274e-02
9.230041503906250000e+01 -1.104653773233508218e-01
9.233093261718750000e+01 -9.762437252720701508e-02
9.236145019531250000e+01 4.467206328973816198e-02
9.239196777343750000e+01 -2.695986008507134102e-02
9.242248535156250000e+01 -1.160174582550439482e-01
9.245300292968750000e+01 2.598295898931155534e-01
9.248352050781250000e+01 3.274070703446341213e-02
9.251403808593750000e+01 1.082029525620100685e-01
9.254455566406250000e+01 -2.464496903050417131e-01
9.257507324218750000e+01 -3.967059186373944613e-02
9.260559082031250000e+01 1.921632936035848616e-01
9.263610839843750000e+01 1.109420126590521249e-02
9.266662597656250000e+01 -1.960370497238272947e-01
9.269714355468750000e+01 -8.120799958976476773e-02
9.272766113281250000e+01 -1.614779756657753751e-01
9.275817871093750000e+01 3.495477869716978603e-02
9.278869628906250000e+01 2.264740513972469671e-01
9.281921386718750000e+01 1.179443432218363341e-01
9.284973144531250000e+01 8.769206901968118473e-02
9.288024902343750000e+01 -2.354985926903054860e-01
9.291076660156250000e+01 -7.535200831085830941e-02
9.294128417968750000e+01 -2.305470245022434028e-02
9.297180175781250000e+01 -1.704340688583556584e-01
9.300231933593750000e+01 -3.027379114419659345e-01
9.303283691406250000e+01 9.895466706257138867e-02
9.306335449218750000e+01 1.772828256366665300e-01
9.309387207031250000e+01 -1.477705267401461242e-01
9.312438964843750000e+01 -7.308906870207465545e-03
9.315490722656250000e+01 2.927071141238002383e-02
9.318542480468750000e+01 -5.405340158847593557e-02
9.321594238281250000e+01 1.045351591961889426e-01
9.324645996093750000e+01 9.680275000687288411e-02
9.327697753906250000e+01 1.540073684736853465e-02
9.330749511718750000e+01 -2.268596021700091114e-01
9.333801269531250000e+01 -2.596169401058432413e-01
9.336853027343750000e+01 4.225889821896089416e-03
9.339904785156250000e+01 1.971649384705642660e-02
9.342956542968750000e+01 -1.720684690636176128e-01
9.346008300781250000e+01 1.050489784151977801e-01
9.349060058593750000e+01 -9.845509068924229723e-02
9.352111816406250000e+01 -2.219117322576380502e-01
9.355163574218750000e+01 1.555469724384579422e-01
9.358215332031250000e+01 -1.534263899058601055e-01
9.361267089843750000e+01 -2.191748380652143169e-01
9.364318847656250000e+01 6.641470512533942383e-03
9.367370605468750000e+01 -2.966256587303064407e-01
9.370422363281250000e+01 -8.054483050966609881e-02
9.373474121093750000e+01 2.239147156918193105e-01
9.376525878906250000e+01 8.855473648446832158e-02
9.379577636718750000e+01 -3.299475232421400506e-01
9.382629394531250000e+01 -2.226321037548473214e-01
9.385681152343750000e+01 -3.030915355569732128e-01
9.388732910156250000e+01 -1.780457905589969414e-01
9.391784667968750000e+01 -1.420200164538982790e-01
9.394836425781250000e+01 1.819389105485242908e-01
9.397888183593750000e+01 -2.826155439656758972e-01
9.400939941406250000e+01 1.790382984784173459e-01
9.403991699218750000e+01 6.235331752719730503e-02
9.407043457031250000e+01 1.152543166527379981e-01
9.410095214843750000e+01 -1.218839495006704965e-01
9.413146972656250000e+01 6.718607644279472879e-02
9.416198730468750000e+01 -1.787111438444526357e-01
9.419250488281250000e+01 -5.729900025369261130e-02
9.422302246093750000e+01 -4.956504283438789571e-02
9.425354003906250000e+01 1.169516646918395963e-01
9.428405761718750000e+01 -6.290634960225816030e-02
9.431457519531250000e+01 2.065762450909005565e-01
9.434509277343750000e+01 -2.461398590959902322e-01
9.437561035156250000e+01 -1.019933840932480962e-01
9.440612792968750000e+01 8.121537590261596051e-02
9.443664550781250000e+01 2.705579528647490406e-01
9.446716308593750000e+01 -1.323238087347249348e-01
9.449768066406250000e+01 1.317863984659197740e-01
9.452819824218750000e+01 -8.203940528244402230e-02
9.455871582031250000e+01 2.076135737074764620e-01
9.458923339843750000e+01 2.103095431838823970e-01
9.461975097656250000e+01 1.736681308159404580e-01
9.465026855468750000e+01 -2.400792193222400783e-01
9.468078613281250000e+01 4.951182746663107537e-02
9.471130371093750000e+01 8.504380900490104978e-02
9.474182128906250000e+01 -1.008599849351412558e-01
9.477233886718750000e+01 6.333364752879333537e-02
9.480285644531250000e+01 -1.888242694581094838e-01
9.483337402343750000e+01 6.594507145177885832e-02
9.486389160156250000e+01 -2.586620419260157178e-01
9.489440917968750000e+01 -1.628287163094910284e-01
9.492492675781250000e+01 2.370261541125273652e-02
9.495544433593750000e+01 -2.960393668729466299e-02
9.498596191406250000e+01 1.845758448922083517e-01
9.501647949218750000e+01 5.017593661875707767e-03
9.504699707031250000e+01 3.368116403976273432e-01
9.507751464843750000e+01 1.712299564993031709e-01
9.510803222656250000e+01 1.662315250840720182e-01
9.513854980468750000e+01 -3.395758088868205959e-02
9.516906738281250000e+01 -4.401405853350297548e-01
9.519958496093750000e+01 3.079120026707187208e-01
9.523010253906250000e+01 -1.647387829780768698e-01
9.526062011718750000e+01 -1.799008048741370658e-01
9.529113769531250000e+01 -1.900716975160321454e-02
9.532165527343750000e+01 1.087746406536211907e-01
9.535217285156250000e+01 1.936179649175642226e-01
9.538269042968750000e+01 7.680087794244627730e-02
9.541320800781250000e+01 1.518170308007711355e-01
9.544372558593750000e+01 1.317706702675991437e-01
9.547424316406250000e+01 -4.253853240709304373e-01
9.550476074218750000e+01 7.626579455671844698e-02
9.553527832031250000e+01 1.065421401087860431e-01
9.556579589843750000e+01 7.090025427697810301e-02
9.559631347656250000e+01 -1.838581064051822977e-01
9.562683105468750000e+01 6.782247670378183102e-02
9.565734863281250000e+01 -1.362467183801641113e-01
9.568786621093750000e+01 1.736913871379215379e-01
9.571838378906250000e+01 -1.344127685730995836e-01
9.574890136718750000e+01 -1.205567453920934895e-01
9.577941894531250000e+01 -2.104607594498020262e-01
9.580993652343750000e+01 -3.426624096907175954e-01
9.584045410156250000e+01 8.482804868947368959e-02
9.587097167968750000e+01 3.019910831500283166e-01
9.590148925781250000e+01 -1.108205243982069987e-01
9.593200683593750000e+01 -1.755941196745425259e-02
9.596252441406250000e+01 -1.627324167906181174e-01
9.599304199218750000e+01 -8.347943274139879577e-02
9.602355957031250000e+01 -2.912907439900891404e-02
9.605407714843750000e+01 -4.558581008749342800e-01
9.608459472656250000e+01 2.007866115304750565e-01
9.611511230468750000e+01 -4.799498731279072672e-02
9.614562988281250000e+01 2.089909489487808969e-01
9.617614746093750000e+01 -6.289303216146890918e-02
9.620666503906250000e+01 -1.251825764801992591e-01
9.623718261718750000e+01 1.430634767943388397e-01
9.626770019531250000e+01 -1.658697173961058979e-01
9.629821777343750000e+01 4.570460721663494041e-02
9.632873535156250000e+01 -3.297404872614606575e-02
9.635925292968750000e+01 -1.272780009896337106e-01
9.638977050781250000e+01 -2.782614737242283809e-02
9.642028808593750000e+01 2.584540205751864050e-01
9.645080566406250000e+01 -8.270751799437903173e-02
9.648132324218750000e+01 -1.793320046341477791e-01
9.651184082031250000e+01 -7.566992894487611920e-02
9.654235839843750000e+01 1.466441862682472674e-01
9.657287597656250000e+01 2.848820681982147107e-01
9.660339355468750000e+01 -4.382981963505017120e-02
9.663391113281250000e+01 6.355417574019384119e-02
9.666442871093750000e+01 -1.449495895809036483e-01
9.669494628906250000e+01 1.992890260481772202e-02
9.672546386718750000e+01 -2.974316869224935544e-01
9.675598144531250000e+01 -5.314708215007613035e-02
9.678649902343750000e+01 1.309565437148876299e-01
9.681701660156250000e+01 4.908411034010100593e-01
9.684753417968750000e+01 2.900564002608803094e-01
9.687805175781250000e+01 -1.995103383876539738e-02
9.690856933593750000e+01 -3.801296865641461409e-01
9.693908691406250000e+01 -1.719464714523155635e-02
9.696960449218750000e+01 -5.098844621949183420e-02
9.700012207031250000e+01 8.913710823026121943e-02
9.703063964843750000e+01 2.424154132975218090e-01
9.706115722656250000e+01 2.327295242785680784e-01
9.709167480468750000e+01 -6.723989611123215582e-02
9.712219238281250000e+01 -3.075477808598634510e-01
9.715270996093750000e+01 -3.283430570985501618e-01
9.718322753906250000e+01 3.124213929634720444e-01
9.721374511718750000e+01 9.674019687935242473e-02
9.724426269531250000e+01 3.894509997803083934e-01
9.727478027343750000e+01 3.167928859227231442e-02
9.730529785156250000e+01 4.320045258384652698e-02
9.733581542968750000e+01 2.041658575843143808e-01
9.736633300781250000e+01 1.389956682501178875e-01
9.739685058593750000e+01 -1.093718843577562438e-01
9.742736816406250000e+01 1.215998194922462972e-01
9.745788574218750000e+01 1.553504601400845786e-02
9.748840332031250000e+01 -1.249844190480757788e-01
9.751892089843750000e+01 -5.102669229518141947e-02
9.754943847656250000e+01 1.171079319358341309e-01
9.757995605468750000e+01 2.011357608689650078e-01
9.761047363281250000e+01 1.322396544613866354e-01
9.764099121093750000e+01 3.464242500123759783e-01
9.767150878906250000e+01 -3.103021530708929276e-01
9.770202636718750000e+01 2.744261664921623378e-01
9.773254394531250000e+01 3.619617463872373264e-01
9.776306152343750000e+01 2.204015090640041308e-01
9.779357910156250000e+01 9.751766993935007122e-02
9.782409667968750000e+01 4.900480771016191284e-02
9.785461425781250000e+01 -9.713414931940178576e-02
9.788513183593750000e+01 -1.014582845649556475e-01
9.791564941406250000e+01 -4.074982597450116373e-02
9.794616699218750000e+01 -1.588137065761543454e-01
9.797668457031250000e+01 -6.270559182132728893e-02
9.800720214843750000e+01 1.411504424351051057e-02
9.803771972656250000e+01 4.526601631166045081e-01
9.806823730468750000e+01 -1.496581272197659018e-01
9.809875488281250000e+01 -4.357225003576559175e-02
9.812927246093750000e+01 9.733380889758791454e-02
9.815979003906250000e+01 3.416635638068896696e-01
9.819030761718750000e+01 3.277028477776866566e-02
9.822082519531250000e+01 2.437740875962504106e-01
9.825134277343750000e+01 6.146696304790566501e-02
9.828186035156250000e+01 5.105501525690669951e-03
9.831237792968750000e+01 -3.456322806357547961e-02
9.834289550781250000e+01 -6.187272322023318338e-02
9.837341308593750000e+01 2.480976689437284222e-01
9.840393066406250000e+01 8.266484155012676638e-02
9.843444824218750000e+01 -1.231431306407557713e-01
9.846496582031250000e+01 1.744054404107373557e-01
9.849548339843750000e+01 -3.652961361625557402e-01
9.852600097656250000e+01 -1.330864848235364661e-01
9.855651855468750000e+01 -4.636993709027592558e-03
9.858703613281250000e+01 -5.063631034659010766e-03
9.861755371093750000e+01 3.659082599821772419e-01
9.864807128906250000e+01 1.966270665904517045e-01
9.867858886718750000e+01 -1.463605817730808667e-01
9.870910644531250000e+01 6.131054784026446214e-02
9.873962402343750000e+01 -3.131169443338421843e-02
9.877014160156250000e+01 -7.043608033541204350e-04
9.880065917968750000e+01 1.936904086279014336e-01
9.883117675781250000e+01 -1.527782664769006260e-01
9.886169433593750000e+01 2.155658819803534243e-01
9.889221191406250000e+01 1.120468271746517530e-01
9.892272949218750000e+01 -1.686882155333933042e-01
9.895324707031250000e+01 -2.161167866437949669e-01
9.898376464843750000e+01 9.861210060080338735e-03
9.901428222656250000e+01 -7.235823076877068161e-02
9.904479980468750000e+01 -1.282393869723819080e-02
9.907531738281250000e+01 2.529477274082410077e-01
9.910583496093750000e+01 7.893015477475273656e-02
9.913635253906250000e+01 -3.214367166393117259e-01
9.916687011718750000e+01 -1.882346753915271620e-01
9.919738769531250000e+01 1.550804665211558131e-01
9.922790527343750000e+01 -1.381709798534416223e-01
9.925842285156250000e+01 8.157763442176246826e-02
9.928894042968750000e+01 -3.427598702921841323e-02
9.931945800781250000e+01 -2.863956050748583948e-02
9.934997558593750000e+01 2.980413558883583391e-01
9.938049316406250000e+01 -7.678572953534512635e-02
9.941101074218750000e+01 -3.596027518341884388e-01
9.944152832031250000e+01 1.134476982429077907e-03
9.947204589843750000e+01 -4.054016812688132632e-01
9.950256347656250000e+01 1.669130395236493314e-01
9.953308105468750000e+01 3.399658449242792813e-01
9.956359863281250000e+01 1.183648877598102445e-01
9.959411621093750000e+01 2.632185649973735053e-01
9.962463378906250000e+01 -1.967560838199915452e-01
9.965515136718750000e+01 -1.369252711040758186e-01
9.968566894531250000e+01 9.996808174776106171e-02
9.971618652343750000e+01 -7.012143689814820391e-02
9.974670410156250000e+01 -9.687034219251700051e-02
9.977722167968750000e+01 6.198821008695176715e-02
9.980773925781250000e+01 3.615628610364751694e-01
9.983825683593750000e+01 -1.129718302807418695e-01
9.986877441406250000e+01 -1.852242637879157883e-01
9.989929199218750000e+01 -2.151524175320673749e-02
9.992980957031250000e+01 -9.703397464960517027e-02
9.996032714843750000e+01 -4.675971201396578181e-02
9.999084472656250000e+01 -1.677810783854738474e-01
1.000213623046875000e+02 -1.182096475235425714e-01
1.000518798828125000e+02 3.022414443117327210e-01
1.000823974609375000e+02 -2.589363492986080928e-01
1.001129150390625000e+02 1.884913451468150924e-01
1.001434326171875000e+02 -1.689215187737431734e-01
1.001739501953125000e+02 -3.240338292809497034e-01
1.002044677734375000e+02 -1.659752265501310831e-01
1.002349853515625000e+02 1.848060627349923379e-02
1.002655029296875000e+02 -1.083433342701027868e-01
1.002960205078125000e+02 6.832956163884773559e-02
1.003265380859375000e+02 2.333747807720101264e-01
1.003570556640625000e+02 -8.095059830498030351e-02
1.003875732421875000e+02 1.710992725048754437e-01
1.004180908203125000e+02 -1.392903055792658051e-01
1.004486083984375000e+02 1.862449237380587874e-01
1.004791259765625000e+02 -1.511231660606426885e-01
1.005096435546875000e+02 -2.020842737613861573e-01
1.005401611328125000e+02 -7.415182862024494170e-02
1.005706787109375000e+02 7.240818230627610319e-03
1.006011962890625000e+02 -1.666465691091616463e-01
1.006317138671875000e+02 2.629506562715278051e-01
1.006622314453125000e+02 6.193215104752880507e-02
1.006927490234375000e+02 9.025274767310520474e-02
1.007232666015625000e+02 -1.124757389767410132e-01
1.007537841796875000e+02 -3.128243553575771330e-01
1.007843017578125000e+02 1.468912231675290059e-01
1.008148193359375000e+02 -2.003700205627865216e-01
1.008453369140625000e+02 -2.535643869154000640e-01
1.008758544921875000e+02 -2.945217114145179949e-01
1.009063720703125000e+02 3.427143213241379271e-02
1.009368896484375000e+02 -5.801901177449053648e-03
1.009674072265625000e+02 -1.956560195297925020e-01
1.009979248046875000e+02 -2.273990787683146664e-01
1.010284423828125000e+02 9.064982776141050635e-02
1.010589599609375000e+02 -3.322990964124983293e-01
1.010894775390625000e+02 8.767748700182664834e-02
1.011199951171875000e+02 6.511815066915005445e-02
1.011505126953125000e+02 3.767562914717359490e-01
1.011810302734375000e+02 1.127408336340636197e-01
1.012115478515625000e+02 -4.342602713728638264e-02
1.012420654296875000e+02 4.881967244125462457e-02
1.012725830078125000e+02 2.424355580694737000e-02
1.013031005859375000e+02 -4.613997430664085186e-02
1.013336181640625000e+02 -7.721739407526229115e-02
1.013641357421875000e+02 -1.158026699091578848e-01
1.013946533203125000e+02 2.980040989656345118e-01
1.014251708984375000e+02 3.596804769762229625e-02
1.014556884765625000e+02 2.114619774479820080e-01
1.014862060546875000e+02 3.223191385962991262e-01
1.015167236328125000e+02 -1.806548063713648844e-01
1.015472412109375000e+02 -8.737685122042648800e-02
1.015777587890625000e+02 1.163786575159519998e-02
1.016082763671875000e+02 -2.264874297480901078e-02
1.016387939453125000e+02 1.221412507055674723e-01
1.016693115234375000e+02 1.446772788014527578e-01
1.016998291015625000e+02 2.639839979294151817e-01
1.017303466796875000e+02 -1.136275583422730051e-01
1.017608642578125000e+02 -4.589664941573801116e-02
1.017913818359375000e+02 -8.787698782072084214e-02
1.018218994140625000e+02 1.127568643025256279e-01
1.018524169921875000e+02 3.113454815310774393e-01
1.018829345703125000e+02 -3.923027835713810418e-02
1.019134521484375000e+02 1.144658623359191552e-01
1.019439697265625000e+02 -8.852801205267724072e-02
1.019744873046875000e+02 -1.344179578127295827e-01
1.020050048828125000e+02 -1.241866425634725601e-01
1.020355224609375000e+02 3.994425240142618350e-02
1.020660400390625000e+02 -1.992444444704233319e-02
1.020965576171875000e+02 1.119482320780775808e-01
1.021270751953125000e+02 1.374665772412413389e-01
1.021575927734375000e+02 -1.062112074454830690e-01
1.021881103515625000e+02 -3.216913247682668953e-01
1.022186279296875000e+02 1.546309599839332805e-01
1.022491455078125000e+02 7.620413152125138367e-02
1.022796630859375000e+02 -5.669715357265658895e-02
1.023101806640625000e+02 4.156866245645574054e-01
1.023406982421875000e+02 -8.223657670669126674e-02
1.023712158203125000e+02 1.693513562235011705e-01
1.024017333984375000e+02 -2.329919610851902689e-01
1.024322509765625000e+02 8.075910450446599498e-02
1.024627685546875000e+02 1.834194927674843711e-01
1.024932861328125000e+02 2.643507743377995212e-01
1.025238037109375000e+02 2.278803401584355015e-01
1.025543212890625000e+02 -2.050475085934522212e-02
1.025848388671875000e+02 -2.403259847287131379e-01
1.026153564453125000e+02 2.273216662076720240e-01
1.026458740234375000e+02 -2.463459793788729257e-01
1.026763916015625000e+02 -6.269611063208913038e-02
1.027069091796875000e+02 1.659665833028611814e-01
1.027374267578125000e+02 2.503720812480310087e-01
1.027679443359375000e+02 2.541495319454725177e-01
1.027984619140625000e+02 -1.849447185996950793e-01
1.028289794921875000e+02 3.274679900702608393e-01
1.028594970703125000e+02 -2.978762597151103364e-01
1.028900146484375000e+02 5.401276476356997591e-02
1.029205322265625000e+02 -1.511666959643207520e-01
1.029510498046875000e+02 -1.315237744177579771e-01
1.029815673828125000e+02 2.620482820304914640e-03
1.030120849609375000e+02 1.418661976686053094e-03
1.030426025390625000e+02 -3.358128323636719870e-01
1.030731201171875000e+02 -1.973369413207706202e-01
1.031036376953125000e+02 1.453310101459237558e-02
1.031341552734375000e+02 -1.052320039030405496e-01
1.031646728515625000e+02 2.840965020189401002e-01
1.031951904296875000e+02 6.551422257564354368e-02
1.032257080078125000e+02 -2.991868517220268586e-01
1.032562255859375000e+02 -2.183624354427138314e-01
1.032867431640625000e+02 1.661112490306209111e-01
1.033172607421875000e+02 8.107135821938982190e-02
1.033477783203125000e+02 1.573467478619932081e-01
1.033782958984375000e+02 7.578458424171685692e-02
1.034088134765625000e+02 -2.654828101103134941e-01
1.034393310546875000e+02 2.085567701483910241e-01
1.034698486328125000e+02 -9.721996768848839565e-02
1.035003662109375000e+02 2.122750202920542506e-02
1.035308837890625000e+02 2.041162877895885686e-02
1.035614013671875000e+02 6.775184445797322041e-02
1.035919189453125000e+02 1.646824735395284733e-01
1.036224365234375000e+02 7.401024089347174595e-03
1.036529541015625000e+02 2.760915456110524246e-02
1.036834716796875000e+02 9.557663864131882292e-02
1.037139892578125000e+02 -1.126406171724738670e-01
1.037445068359375000e+02 3.407930787707300624e-01
1.037750244140625000e+02 -4.605041111756804639e-01
1.038055419921875000e+02 -2.214577258329768483e-01
1.038360595703125000e+02 -7.924700508169735258e-03
1.038665771484375000e+02 -5.589746855724797570e-02
1.038970947265625000e+02 2.100634214273782163e-01
1.039276123046875000e+02 1.641034755392070110e-01
1.039581298828125000e+02 -6.459639973951425418e-02
1.039886474609375000e+02 -1.586533936321643523e-01
1.040191650390625000e+02 -6.383777153450864716e-02
1.040496826171875000e+02 2.013568124822882055e-01
1.040802001953125000e+02 -2.117940085442455711e-01
1.041107177734375000e+02 -7.456098829828761154e-02
1.041412353515625000e+02 -2.814896249594767141e-02
1.041717529296875000e+02 -1.055779524031095207e-01
1.042022705078125000e+02 -1.365598738182711713e-01
1.042327880859375000e+02 -4.455664254231805899e-02
1.042633056640625000e+02 -8.262001812721564420e-02
1.042938232421875000e+02 -5.604785387811261899e-02
1.043243408203125000e+02 4.245354963393310754e-02
1.043548583984375000e+02 9.450650511570302115e-02
1.043853759765625000e+02 -2.113513915239764174e-01
1.044158935546875000e+02 -4.363994389097456406e-01
1.044464111328125000e+02 7.045489050381092966e-02
1.044769287109375000e+02 -6.847395191181249174e-02
1.045074462890625000e+02 -4.049132628331904016e-01
1.045379638671875000e+02 2.167772746577156795e-02
1.045684814453125000e+02 2.597609312894633149e-01
1.045989990234375000e+02 -2.291158015616474586e-01
1.046295166015625000e+02 1.967406423843840457e-01
1.046600341796875000e+02 3.027111207374559854e-01
1.046905517578125000e+02 9.932419618377252846e-02
1.047210693359375000e+02 3.564602906396885373e-02
1.047515869140625000e+02 9.538023088833824659e-02
1.047821044921875000e+02 -7.434795597498577990e-02
1.048126220703125000e+02 -2.073031817382684494e-01
1.048431396484375000e+02 1.518978526029854947e-01
1.048736572265625000e+02 2.082722351140660066e-01
1.049041748046875000e+02 -5.972544614127173190e-02
1.049346923828125000e+02 -1.032365503680239271e-01
1.049652099609375000e+02 4.014388718217674068e-01
1.049957275390625000e+02 -3.825289229598638485e-02
1.050262451171875000e+02 -8.008772341560188579e-02
1.050567626953125000e+02 1.217094893803505329e-02
1.050872802734375000e+02 -5.114972858979172088e-02
1.051177978515625000e+02 -2.580258320116968207e-01
1.051483154296875000e+02 9.692593765765877833e-02
1.051788330078125000e+02 -3.982206909119554439e-01
1.052093505859375000e+02 2.442662140739457755e-01
1.052398681640625000e+02 -1.220061714522557850e-01
1.052703857421875000e+02 2.140827561734681694e-01
1.053009033203125000e+02 1.126098994429298727e-01
1.053314208984375000e+02 9.753155537589464075e-02
1.053619384765625000e+02 -9.573968018150935677e-02
1.053924560546875000e+02 1.241044877201602503e-02
1.054229736328125000e+02 1.687165595623696390e-01
1.054534912109375000e+02 1.364843144370979644e-01
1.054840087890625000e+02 -1.333585540472768116e-01
1.055145263671875000e+02 1.659762025838062982e-02
1.055450439453125000e+02 -1.656613246234996950e-01
1.055755615234375000e+02 5.768809581070399872e-02
1.056060791015625000e+02 -1.751671792038678177e-02
1.056365966796875000e+02 4.872667376127992611e-02
1.056671142578125000e+02 -6.926532472380131367e-02
1.056976318359375000e+02 2.099587008082721695e-01
1.057281494140625000e+02 -1.805873354605864733e-01
1.057586669921875000e+02 3.296226876806827022e-01
1.057891845703125000e+02 -9.791220816794066195e-02
1.058197021484375000e+02 -1.010399252368756606e-01
1.058502197265625000e+02 1.411318686162985614e-01
1.058807373046875000e+02 8.783168717286571336e-02
1.059112548828125000e+02 -3.690947682873115809e-01
1.059417724609375000e+02 -2.706326070345426160e-01
1.059722900390625000e+02 -3.318392039648188074e-01
1.060028076171875000e+02 -3.625595316337921759e-01
1.060333251953125000e+02 8.132872255879419754e-02
1.060638427734375000e+02 -2.684239549623157473e-01
1.060943603515625000e+02 7.032965074211006140e-02
1.061248779296875000e+02 6.572918625028023598e-02
1.061553955078125000e+02 -7.803223506590484249e-02
1.061859130859375000e+02 -1.857837166324429745e-01
1.062164306640625000e+02 2.385684896844395553e-01
1.062469482421875000e+02 9.474362029851590705e-02
1.062774658203125000e+02 -3.306032861331686945e-02
1.063079833984375000e+02 -2.298348140013786178e-01
1.063385009765625000e+02 3.771483999474867232e-02
1.063690185546875000e+02 2.491418541553684918e-01
1.063995361328125000e+02 -1.777376112879096581e-01
1.064300537109375000e+02 8.935183240936339644e-02
1.064605712890625000e+02 -2.213793674159205693e-01
1.064910888671875000e+02 6.453778149256095276e-02
1.065216064453125000e+02 -5.243895907915430143e-02
1.065521240234375000e+02 -1.255932824260526104e-01
1.065826416015625000e+02 1.204654345619928790e-01
1.066131591796875000e+02 1.985545728047100056e-01
1.066436767578125000e+02 5.555233923757896264e-03
1.066741943359375000e+02 4.174935553919567610e-03
1.067047119140625000e+02 3.245688868747720335e-02
1.067352294921875000e+02 2.165302418139276597e-01
1.067657470703125000e+02 -1.579299581404143282e-01
1.067962646484375000e+02 -4.515804513619627869e-01
1.068267822265625000e+02 -1.825791987415641415e-01
1.068572998046875000e+02 -3.956649717194409277e-01
1.068878173828125000e+02 -1.995719030653617665e-01
1.069183349609375000e+02 -2.193915474268237631e-01
1.069488525390625000e+02 -5.802764946095635423e-01
1.069793701171875000e+02 1.287839956574998723e-01
1.070098876953125000e+02 5.961487262663922593e-02
1.070404052734375000e+02 -3.492157503887938219e-01
1.070709228515625000e+02 7.834803289159708584e-02
1.071014404296875000e+02 -1.510714650051454555e-01
1.071319580078125000e+02 -5.947741983379728481e-02
1.071624755859375000e+02 -3.279611421177719421e-01
1.071929931640625000e+02 -5.716969726165643806e-03
1.072235107421875000e+02 -3.985794170193912578e-02
1.072540283203125000e+02 -1.383918724805539568e-01
1.072845458984375000e+02 -4.113346331403135991e-01
1.073150634765625000e+02 1.375906298474092182e-01
1.073455810546875000e+02 1.869117465722638372e-01
1.073760986328125000e+02 1.618606486840121761e-01
1.074066162109375000e+02 -1.172806833417894268e-01
1.074371337890625000e+02 -2.996516557502104661e-01
1.074676513671875000e+02 -1.655257079911507390e-01
1.074981689453125000e+02 6.595042946719331667e-02
1.075286865234375000e+02 3.875868826412443013e-02
1.075592041015625000e+02 -1.532288632442373455e-01
1.075897216796875000e+02 -1.087060746726820071e-01
1.076202392578125000e+02 -6.534384642009172239e-02
1.076507568359375000e+02 1.116844797076055329e-01
1.076812744140625000e+02 -4.115259239540591807e-02
1.077117919921875000e+02 1.139928356946029453e-01
1.077423095703125000e+02 1.214933206021555634e-01
1.077728271484375000e+02 6.963621387160401355e-02
1.078033447265625000e+02 3.853624314984358534e-01
1.078338623046875000e+02 1.047742664289330605e-01
1.078643798828125000e+02 5.109222537947744058e-01
1.078948974609375000e+02 1.395729931790583578e-01
1.079254150390625000e+02 -9.774397638449272563e-02
1.079559326171875000e+02 8.611123569835399394e-02
1.079864501953125000e+02 1.452401899413189312e-01
1.080169677734375000e+02 -1.162494496278441147e-01
1.080474853515625000e+02 1.381596489848675446e-01
1.080780029296875000e+02 1.193134310527739217e-01
1.081085205078125000e+02 -1.104494135626055140e-02
1.081390380859375000e+02 -1.310892983642588661e-01
1.081695556640625000e+02 1.342413931868122745e-01
1.082000732421875000e+02 1.243636352020303093e-01
1.082305908203125000e+02 1.125623377881197484e-01
1.082611083984375000e+02 2.532259266735081837e-01
1.082916259765625000e+02 9.336577585941085999e-03
1.083221435546875000e+02 -1.454423814061556186e-01
1.083526611328125000e+02 -1.408289698925386801e-01
1.083831787109375000e+02 8.824028667544325799e-02
1.084136962890625000e+02 1.594106499543954669e-01
1.084442138671875000e+02 1.301467175351831429e-01
1.084747314453125000e+02 -1.340649307098829013e-02
1.085052490234375000e+02 2.116611723636196984e-01
1.085357666015625000e+02 -3.458648877944483502e-01
1.085662841796875000e+02 -1.105757400255242828e-01
1.085968017578125000e+02 1.475761754818449845e-02
1.086273193359375000e+02 6.574919656782185484e-02
1.086578369140625000e+02 -3.969329015598077603e-02
1.086883544921875000e+02 2.536364541695661501e-01
1.087188720703125000e+02 -1.904310060862144383e-01
1.087493896484375000e+02 3.420173914599899945e-02
1.087799072265625000e+02 1.966386917314935090e-01
1.088104248046875000e+02 -1.316174648272863124e-01
1.088409423828125000e+02 1.617379549240922643e-01
1.088714599609375000e+02 5.143639424954926653e-02
1.089019775390625000e+02 1.010764839118678537e-01
1.089324951171875000e+02 1.960341984207616406e-01
1.089630126953125000e+02 -6.133450724729527792e-02
1.089935302734375000e+02 -3.170562464766817357e-01
1.090240478515625000e+02 5.888116056262902021e-01
1.090545654296875000e+02 8.650586340695554100e-02
1.090850830078125000e+02 -7.098275254202235374e-02
1.091156005859375000e+02 2.955754920422464238e-01
1.091461181640625000e+02 -1.417307818609856440e-01
1.091766357421875000e+02 -2.031225235873534984e-01
1.092071533203125000e+02 4.722179799466630357e-02
1.092376708984375000e+02 2.546879229978458170e-01
1.092681884765625000e+02 1.021823215870654167e-02
1.092987060546875000e+02 -6.396437621094719361e-02
1.093292236328125000e+02 1.175435362074495060e-02
1.093597412109375000e+02 1.306239312896195770e-01
1.093902587890625000e+02 2.778128117419669252e-01
1.094207763671875000e+02 -6.297539382825334542e-02
1.094512939453125000e+02 -4.576290430799190290e-02
1.094818115234375000e+02 -7.942423350692706663e-02
1.095123291015625000e+02 -5.232608273797723086e-02
1.095428466796875000e+02 -1.528229462846866227e-01
1.095733642578125000e+02 -6.464142651680049312e-03
1.096038818359375000e+02 1.466075037949963189e-01
1.096343994140625000e+02 -1.280257336566137383e-01
1.096649169921875000e+02 1.715892678887485090e-01
1.096954345703125000e+02 7.490196921440883671e-02
1.097259521484375000e+02 -2.908598485855691251e-01
1.097564697265625000e+02 2.623862683054767331e-02
1.097869873046875000e+02 -5.397228438573620224e-02
1.098175048828125000e+02 -1.080166638132595835e-02
1.098480224609375000e+02 -1.933847445684477862e-03
1.098785400390625000e+02 5.603571131570106445e-02
1.099090576171875000e+02 7.762727145285452934e-02
1.099395751953125000e+02 -1.686960343937471407e-01
1.099700927734375000e+02 3.275333209460882244e-01
1.100006103515625000e+02 -2.306512173911414720e-01
